           1  0.903269016756258        9.48690199937685     
           2  0.804051544851044        6.40416558971523     
           3  0.602052657447560        4.11749649930858     
           4  0.501866158189287        3.55818724371598     
           5  0.399694860583434        3.14187212682625     
           6  0.301158507701292        2.81250748915922     
           7  0.205346444050076        2.50120819656520     
           8  0.202450889381161        4.05896502230223     
           9  0.301538478396521        4.67140651630915     
          10  0.402014946835827        5.12983779359443     
          11  0.504570952907477        5.48105975687258     
          12  0.604736568670243        5.78100765293185     
          13  0.803383624472688        6.98991624498201     
          14  0.901823325566936        9.24734131701773     
          15   9.19598459019326     
          16   1.02281373739082     
