 
 D =  0.000000000000000E+000  0.000000000000000E+000  0.000000000000000E+000
  0.000000000000000E+000  0.000000000000000E+000  0.000000000000000E+000
  0.000000000000000E+000  0.000000000000000E+000  0.000000000000000E+000
  0.000000000000000E+000  0.000000000000000E+000  0.000000000000000E+000
  0.000000000000000E+000  0.000000000000000E+000   2.00000000000000     
  0.650000000000000     
 
 Objective function f =  0.334769203159370        1.00000000000000     
 
 dfdD_i =   9.89607040662810        7.03242314904131     
   4.98447729663921        4.42701231737470        3.94730542072070     
   3.50003317599840        3.02296257789600        3.92348033650096     
   4.26816390199077        4.55675841473669        4.88911531690568     
   5.33921722076732        7.23726979484050        9.97102486841172     
   9.76376401687460       0.608585437091340     
 
 D =  0.000000000000000E+000  0.000000000000000E+000  0.000000000000000E+000
  0.000000000000000E+000  0.000000000000000E+000  0.000000000000000E+000
  0.000000000000000E+000  0.000000000000000E+000  0.000000000000000E+000
  0.000000000000000E+000  0.000000000000000E+000  0.000000000000000E+000
  0.000000000000000E+000  0.000000000000000E+000   2.00000000000000     
  0.650000000000000     
 
 Objective function f =  0.334769203159371        1.00000000000000     
 
 dfdD_i =   9.89607040662800        7.03242314904123     
   4.98447729663919        4.42701231737469        3.94730542072070     
   3.50003317599842        3.02296257789604        3.92348033650094     
   4.26816390199077        4.55675841473668        4.88911531690567     
   5.33921722076731        7.23726979484047        9.97102486841165     
   9.76376401687463       0.608585437091340     
 
 D =  0.000000000000000E+000  0.000000000000000E+000  0.000000000000000E+000
  0.000000000000000E+000  0.000000000000000E+000  0.000000000000000E+000
  0.000000000000000E+000  0.000000000000000E+000  0.000000000000000E+000
  0.000000000000000E+000  0.000000000000000E+000  0.000000000000000E+000
  0.000000000000000E+000  0.000000000000000E+000   2.00000000000000     
  0.650000000000000     
 
 Objective function f =  4.721331901280343E-004   1.00000000000000     
 
 dfdD_i =  2.110495591281347E-002  1.489559273659882E-002
  1.015327299962890E-002  8.677980018769172E-003  7.340663917432687E-003
  6.100121197734722E-003  4.859575656588802E-003  1.015061164296686E-002
  1.057656578781730E-002  1.066051413207649E-002  1.088899826247192E-002
  1.152124186908473E-002  1.534151491826140E-002  2.125374077239408E-002
  2.133685502761493E-002  1.596693424006985E-003
 
 D =  0.000000000000000E+000  0.000000000000000E+000  0.000000000000000E+000
  0.000000000000000E+000  0.000000000000000E+000  0.000000000000000E+000
  0.000000000000000E+000  0.000000000000000E+000  0.000000000000000E+000
  0.000000000000000E+000  0.000000000000000E+000  0.000000000000000E+000
  0.000000000000000E+000  0.000000000000000E+000   2.00000000000000     
  0.650000000000000     
 
 Objective function f =  4.721331901280267E-004   1.00000000000000     
 
 dfdD_i =  2.110495591281429E-002  1.489559273659982E-002
  1.015327299962835E-002  8.677980018768409E-003  7.340663917432082E-003
  6.100121197734296E-003  4.859575656588296E-003  1.015061164296562E-002
  1.057656578781592E-002  1.066051413207524E-002  1.088899826247098E-002
  1.152124186908423E-002  1.534151491826115E-002  2.125374077239321E-002
  2.133685502761501E-002  1.596693424006770E-003
 
 D =  0.000000000000000E+000  0.000000000000000E+000  0.000000000000000E+000
  0.000000000000000E+000  0.000000000000000E+000  0.000000000000000E+000
  0.000000000000000E+000  0.000000000000000E+000  0.000000000000000E+000
  0.000000000000000E+000  0.000000000000000E+000  0.000000000000000E+000
  0.000000000000000E+000  0.000000000000000E+000   2.00000000000000     
  0.650000000000000     
 
 Objective function f =  4.721331901279525E-004   1.00000000000000     
 
 dfdD_i =  2.110495591281323E-002  1.489559273659967E-002
  1.015327299962965E-002  8.677980018769592E-003  7.340663917432876E-003
  6.100121197734829E-003  4.859575656588786E-003  1.015061164296486E-002
  1.057656578781651E-002  1.066051413207702E-002  1.088899826247347E-002
  1.152124186908693E-002  1.534151491826335E-002  2.125374077239411E-002
  2.133685502761173E-002  1.596693424006012E-003
 
 D =  6.540230675330485E-004  4.648308214990566E-004  2.626241743809102E-003
  2.334212614346345E-003  2.083254546425791E-003  1.849233020486046E-003
  1.599209247114665E-003  2.056480186545134E-003  2.239462396518086E-003
  2.394025281085821E-003  2.571370285975084E-003  2.809937757450808E-003
  4.783633108623560E-004  6.589836585578544E-004   3.01485712544150     
  0.663256433568011     
 
 Objective function f =  0.645437339216560        1.00000000000000     
 
 dfdD_i =   9.88936611703860        6.92011334008772     
   4.76372278692768        4.18814370549484        3.70775353993955     
   3.27307654881009        2.81853552680994        2.85044483885248     
   4.15699071718870        5.58994286696347        6.39770946052820     
   6.43938163280589        7.26836703417607        9.74466597615915     
   9.48450563694381       0.826645154285836     
 
 D =  6.540230675330485E-004  4.648308214990566E-004  2.626241743809102E-003
  2.334212614346345E-003  2.083254546425791E-003  1.849233020486046E-003
  1.599209247114665E-003  2.056480186545134E-003  2.239462396518086E-003
  2.394025281085821E-003  2.571370285975084E-003  2.809937757450808E-003
  4.783633108623560E-004  6.589836585578544E-004   3.01485712544150     
  0.663256433568011     
 
 Objective function f =  2.875098164918021E-003   1.00000000000000     
 
 dfdD_i =  0.155638345967714       0.102938547702231     
  6.053070517255103E-002  4.738037457063634E-002  3.569851529269612E-002
  2.527152932030696E-002  1.561339053394947E-002  0.344217493864487     
  0.127763890536677      -8.178039319805261E-002 -0.143918538163029     
 -5.947170337456368E-002  0.100434735679798       0.150279531196612     
  0.253507549976265       0.116225913438818     
 
 D =  6.540230675330485E-004  4.648308214990566E-004  2.626241743809102E-003
  2.334212614346345E-003  2.083254546425791E-003  1.849233020486046E-003
  1.599209247114665E-003  2.056480186545134E-003  2.239462396518086E-003
  2.394025281085821E-003  2.571370285975084E-003  2.809937757450808E-003
  4.783633108623560E-004  6.589836585578544E-004   3.01485712544150     
  0.663256433568011     
 
 Objective function f =  2.875098164918172E-003   1.00000000000000     
 
 dfdD_i =  0.155638345967718       0.102938547702233     
  6.053070517255268E-002  4.738037457063802E-002  3.569851529269794E-002
  2.527152932030881E-002  1.561339053395123E-002  0.344217493864494     
  0.127763890536682      -8.178039319805029E-002 -0.143918538163029     
 -5.947170337456455E-002  0.100434735679800       0.150279531196614     
  0.253507549976260       0.116225913438820     
 
 D =  6.540230675330485E-004  4.648308214990566E-004  2.626241743809102E-003
  2.334212614346345E-003  2.083254546425791E-003  1.849233020486046E-003
  1.599209247114665E-003  2.056480186545134E-003  2.239462396518086E-003
  2.394025281085821E-003  2.571370285975084E-003  2.809937757450808E-003
  4.783633108623560E-004  6.589836585578544E-004   3.01485712544150     
  0.663256433568011     
 
 Objective function f =  0.645437339216560        1.00000000000000     
 
 dfdD_i =   9.88936611703869        6.92011334008770     
   4.76372278692764        4.18814370549482        3.70775353993954     
   3.27307654881010        2.81853552680997        2.85044483885261     
   4.15699071718884        5.58994286696357        6.39770946052819     
   6.43938163280584        7.26836703417604        9.74466597615918     
   9.48450563694401       0.826645154285878     
 
 D =  6.116311065635897E-004  4.351304415289297E-004  2.611560368104904E-003
  2.331818874746561E-003  2.092018657254568E-003  1.867777256150558E-003
  1.625873377556504E-003  1.570308790426985E-003  2.116974180588074E-003
  2.620955037106391E-003  2.903806820623311E-003  3.007608187378700E-003
  4.479561495788170E-004  6.163057922411838E-004   3.00519252975579     
  0.658687201487709     
 
 Objective function f =  0.640021683866097        1.00000000000000     
 
 dfdD_i =   10.0236879231051        7.00789602507528     
   4.80818867641598        4.21858545316075        3.72598976112075     
   3.28104697184456        2.81792287007928        3.70150676398950     
   4.84775588266114        5.81759788186595        6.20005812800067     
   6.16967504943587        7.40533883594534        10.0165193289632     
   9.81305389460455        1.08981284716395     
 
 D =  6.116311065635897E-004  4.351304415289297E-004  2.611560368104904E-003
  2.331818874746561E-003  2.092018657254568E-003  1.867777256150558E-003
  1.625873377556504E-003  1.570308790426985E-003  2.116974180588074E-003
  2.620955037106391E-003  2.903806820623311E-003  3.007608187378700E-003
  4.479561495788170E-004  6.163057922411838E-004   3.00519252975579     
  0.658687201487709     
 
 Objective function f =  2.153841646683231E-003   1.00000000000000     
 
 dfdD_i =  0.116113106759084       7.725333803602839E-002
  4.617868630879018E-002  3.658998334733919E-002  2.807409887716378E-002
  2.045483809192968E-002  1.335001652566405E-002  0.234659644002064     
  7.876123252038701E-002 -6.084778609455368E-002 -9.070633344435855E-002
 -2.629426308021894E-002  7.682682253106853E-002  0.114109363249514     
  0.182834842626112       7.898457555562829E-002
 
 D =  6.116311065635897E-004  4.351304415289297E-004  2.611560368104904E-003
  2.331818874746561E-003  2.092018657254568E-003  1.867777256150558E-003
  1.625873377556504E-003  1.570308790426985E-003  2.116974180588074E-003
  2.620955037106391E-003  2.903806820623311E-003  3.007608187378700E-003
  4.479561495788170E-004  6.163057922411838E-004   3.00519252975579     
  0.658687201487709     
 
 Objective function f =  2.153841646683258E-003   1.00000000000000     
 
 dfdD_i =  0.116113106759084       7.725333803602788E-002
  4.617868630879002E-002  3.658998334733907E-002  2.807409887716368E-002
  2.045483809192976E-002  1.335001652566446E-002  0.234659644002068     
  7.876123252038733E-002 -6.084778609455579E-002 -9.070633344436022E-002
 -2.629426308021823E-002  7.682682253106976E-002  0.114109363249514     
  0.182834842626111       7.898457555562910E-002
 
 D =  6.116311065635897E-004  4.351304415289297E-004  2.611560368104904E-003
  2.331818874746561E-003  2.092018657254568E-003  1.867777256150558E-003
  1.625873377556504E-003  1.570308790426985E-003  2.116974180588074E-003
  2.620955037106391E-003  2.903806820623311E-003  3.007608187378700E-003
  4.479561495788170E-004  6.163057922411838E-004   3.00519252975579     
  0.658687201487709     
 
 Objective function f =  0.640021683866099        1.00000000000000     
 
 dfdD_i =   10.0236879231051        7.00789602507530     
   4.80818867641602        4.21858545316079        3.72598976112078     
   3.28104697184460        2.81792287007931        3.70150676398958     
   4.84775588266121        5.81759788186599        6.20005812800069     
   6.16967504943588        7.40533883594535        10.0165193289632     
   9.81305389460469        1.08981284716397     
 
 D =  5.648635032775872E-004  4.018901252227802E-004  2.602049360799005E-003
  2.344055212033915E-003  2.126970818971789E-003  1.924425579699299E-003
  1.701340855232545E-003  8.417209820193269E-004  2.933112697843667E-003
  3.743139449993594E-003  3.507650561890068E-003  3.041900295751648E-003
  4.145136647409149E-004  5.702104803651521E-004   2.97508213446874     
  0.651405092001690     
 
 Objective function f =  0.636418728804912        1.00000000000000     
 
 dfdD_i =   10.0822095658084        7.04436770563255     
   4.81767834171697        4.21797345853811        3.71629719250344     
   3.26390815888820        2.79527509089082        4.37101325838235     
   5.00590293375136        5.47962851794588        5.73069753942211     
   5.92596179681015        7.51056701833436        10.2018480288255     
   10.1082305300644        1.26121573832150     
 
 D =  5.648635032775872E-004  4.018901252227802E-004  2.602049360799005E-003
  2.344055212033915E-003  2.126970818971789E-003  1.924425579699299E-003
  1.701340855232545E-003  8.417209820193269E-004  2.933112697843667E-003
  3.743139449993594E-003  3.507650561890068E-003  3.041900295751648E-003
  4.145136647409149E-004  5.702104803651521E-004   2.97508213446874     
  0.651405092001690     
 
 Objective function f =  1.555986621359115E-003   1.00000000000000     
 
 dfdD_i =  6.396532865479485E-002  4.337704656976929E-002
  2.742501013053005E-002  2.264787679695760E-002  1.843900212291842E-002
  1.465473066174503E-002  1.103208670333095E-002  9.593823764690833E-002
  4.323517066684256E-002 -6.274708531408399E-003 -1.601212187456134E-002
  7.572142031187625E-003  4.466397106623596E-002  6.410211959475215E-002
  8.575299078326265E-002  2.976024946546541E-002
 
 D =  5.648635032775872E-004  4.018901252227802E-004  2.602049360799005E-003
  2.344055212033915E-003  2.126970818971789E-003  1.924425579699299E-003
  1.701340855232545E-003  8.417209820193269E-004  2.933112697843667E-003
  3.743139449993594E-003  3.507650561890068E-003  3.041900295751648E-003
  4.145136647409149E-004  5.702104803651521E-004   2.97508213446874     
  0.651405092001690     
 
 Objective function f =  1.555986621358896E-003   1.00000000000000     
 
 dfdD_i =  6.396532865479386E-002  4.337704656976877E-002
  2.742501013052967E-002  2.264787679695715E-002  1.843900212291790E-002
  1.465473066174447E-002  1.103208670333036E-002  9.593823764690966E-002
  4.323517066684276E-002 -6.274708531409524E-003 -1.601212187456294E-002
  7.572142031186526E-003  4.466397106623458E-002  6.410211959475010E-002
  8.575299078325715E-002  2.976024946546427E-002
 
 D =  5.648635032775872E-004  4.018901252227802E-004  2.602049360799005E-003
  2.344055212033915E-003  2.126970818971789E-003  1.924425579699299E-003
  1.701340855232545E-003  8.417209820193269E-004  2.933112697843667E-003
  3.743139449993594E-003  3.507650561890068E-003  3.041900295751648E-003
  4.145136647409149E-004  5.702104803651521E-004   2.97508213446874     
  0.651405092001690     
 
 Objective function f =  0.636418728804912        1.00000000000000     
 
 dfdD_i =   10.0822095658083        7.04436770563251     
   4.81767834171696        4.21797345853812        3.71629719250345     
   3.26390815888822        2.79527509089084        4.37101325838226     
   5.00590293375126        5.47962851794583        5.73069753942212     
   5.92596179681017        7.51056701833430        10.2018480288253     
   10.1082305300644        1.26121573832144     
 
 D =  5.225749845504660E-004  3.718464670521649E-004  2.513828345886052E-003
  2.278979986035227E-003  2.087041776600060E-003  1.908508051498611E-003
  1.706369144280320E-003  2.110131083021627E-004  2.847122993018518E-003
  3.824778413060035E-003  3.385782043624139E-003  2.605204500093428E-003
  3.824368632511322E-004  5.274405661580229E-004   2.94626558145503     
  0.648221301876761     
 
 Objective function f =  0.619099741243850        1.00000000000000     
 
 dfdD_i =   10.0149788037101        7.00152043641234     
   4.79228503800576        4.19701281206739        3.69881964474152     
   3.24940007654663        2.78367432069926        4.33448749308361     
   4.82203644352648        5.22168829907036        5.52661101469224     
   5.83148055773775        7.47513908136442        10.1631009071989     
   10.0520171967315        1.19554084969742     
 
 D =  5.225749845504660E-004  3.718464670521649E-004  2.513828345886052E-003
  2.278979986035227E-003  2.087041776600060E-003  1.908508051498611E-003
  1.706369144280320E-003  2.110131083021627E-004  2.847122993018518E-003
  3.824778413060035E-003  3.385782043624139E-003  2.605204500093428E-003
  3.824368632511322E-004  5.274405661580229E-004   2.94626558145503     
  0.648221301876761     
 
 Objective function f =  1.386771871579541E-003   1.00000000000000     
 
 dfdD_i =  4.848450833084435E-002  3.326089349953288E-002
  2.169783473104316E-002  1.828889898600425E-002  1.529028346455317E-002
  1.257632979643749E-002  9.928717969878901E-003  4.840081007117693E-002
  2.589110172128426E-002  7.589582860713522E-003  6.815772188620004E-003
  1.771409255653162E-002  3.478719209297096E-002  4.892905374080918E-002
  5.788016560484055E-002  1.472075876711149E-002
 
 D =  5.225749845504660E-004  3.718464670521649E-004  2.513828345886052E-003
  2.278979986035227E-003  2.087041776600060E-003  1.908508051498611E-003
  1.706369144280320E-003  2.110131083021627E-004  2.847122993018518E-003
  3.824778413060035E-003  3.385782043624139E-003  2.605204500093428E-003
  3.824368632511322E-004  5.274405661580229E-004   2.94626558145503     
  0.648221301876761     
 
 Objective function f =  1.386771871579452E-003   1.00000000000000     
 
 dfdD_i =  4.848450833084395E-002  3.326089349953203E-002
  2.169783473104194E-002  1.828889898600337E-002  1.529028346455266E-002
  1.257632979643728E-002  9.928717969878861E-003  4.840081007117519E-002
  2.589110172128235E-002  7.589582860711848E-003  6.815772188618411E-003
  1.771409255653020E-002  3.478719209296931E-002  4.892905374080743E-002
  5.788016560484061E-002  1.472075876711030E-002
 
 D =  5.225749845504660E-004  3.718464670521649E-004  2.513828345886052E-003
  2.278979986035227E-003  2.087041776600060E-003  1.908508051498611E-003
  1.706369144280320E-003  2.110131083021627E-004  2.847122993018518E-003
  3.824778413060035E-003  3.385782043624139E-003  2.605204500093428E-003
  3.824368632511322E-004  5.274405661580229E-004   2.94626558145503     
  0.648221301876761     
 
 Objective function f =  0.619099741243849        1.00000000000000     
 
 dfdD_i =   10.0149788037100        7.00152043641232     
   4.79228503800577        4.19701281206740        3.69881964474154     
   3.24940007654664        2.78367432069927        4.33448749308359     
   4.82203644352643        5.22168829907032        5.52661101469223     
   5.83148055773776        7.47513908136445        10.1631009071989     
   10.0520171967318        1.19554084969740     
 
 D =  4.980824435251365E-004  3.610766908686554E-004  2.428288390555365E-003
  2.241666028731863E-003  2.105390757190206E-003  1.980651279738125E-003
  1.823444514212380E-003 -1.802873660040695E-004  3.105376980887050E-003
  3.964348724504962E-003  2.959587756365421E-003  1.910336707537357E-003
  3.751991660220196E-004  5.017781223982700E-004   2.89166982194584     
  0.646024182482603     
 
 Objective function f =  0.600231685382027        1.00000000000000     
 
 dfdD_i =   10.0218346349789        7.00772304056585     
   4.79604350107469        4.19949459898036        3.70034735543669     
   3.25056600691319        2.78514925136866        4.54095875763001     
   4.89920140204622        5.12388299700618        5.34859829133830     
   5.69530574666471        7.45392889739084        10.1766075303750     
   10.0841174396571        1.21085934962349     
 
 D =  4.980824435251365E-004  3.610766908686554E-004  2.428288390555365E-003
  2.241666028731863E-003  2.105390757190206E-003  1.980651279738125E-003
  1.823444514212380E-003 -1.802873660040695E-004  3.105376980887050E-003
  3.964348724504962E-003  2.959587756365421E-003  1.910336707537357E-003
  3.751991660220196E-004  5.017781223982700E-004   2.89166982194584     
  0.646024182482603     
 
 Objective function f =  1.283052555143923E-003   1.00000000000000     
 
 dfdD_i =  4.214823744320093E-002  2.909045500006472E-002
  1.928222810552979E-002  1.641672070069231E-002  1.389784566410184E-002
  1.160800688819613E-002  9.347566710403479E-003  3.203556163658797E-002
  2.240825677194710E-002  1.443307192448865E-002  1.440106129205544E-002
  1.969965885878825E-002  3.055797238771269E-002  4.266699481381103E-002
  4.689390682743488E-002  9.421343487130363E-003
 
 D =  4.980824435251365E-004  3.610766908686554E-004  2.428288390555365E-003
  2.241666028731863E-003  2.105390757190206E-003  1.980651279738125E-003
  1.823444514212380E-003 -1.802873660040695E-004  3.105376980887050E-003
  3.964348724504962E-003  2.959587756365421E-003  1.910336707537357E-003
  3.751991660220196E-004  5.017781223982700E-004   2.89166982194584     
  0.646024182482603     
 
 Objective function f =  1.283052555143954E-003   1.00000000000000     
 
 dfdD_i =  4.214823744319965E-002  2.909045500006460E-002
  1.928222810552977E-002  1.641672070069176E-002  1.389784566410087E-002
  1.160800688819493E-002  9.347566710402239E-003  3.203556163658528E-002
  2.240825677194236E-002  1.443307192448457E-002  1.440106129205373E-002
  1.969965885878866E-002  3.055797238771189E-002  4.266699481380953E-002
  4.689390682743616E-002  9.421343487130097E-003
 
 D =  4.980824435251365E-004  3.610766908686554E-004  2.428288390555365E-003
  2.241666028731863E-003  2.105390757190206E-003  1.980651279738125E-003
  1.823444514212380E-003 -1.802873660040695E-004  3.105376980887050E-003
  3.964348724504962E-003  2.959587756365421E-003  1.910336707537357E-003
  3.751991660220196E-004  5.017781223982700E-004   2.89166982194584     
  0.646024182482603     
 
 Objective function f =  0.600231685382029        1.00000000000000     
 
 dfdD_i =   10.0218346349788        7.00772304056587     
   4.79604350107470        4.19949459898036        3.70034735543668     
   3.25056600691315        2.78514925136862        4.54095875762996     
   4.89920140204616        5.12388299700612        5.34859829133825     
   5.69530574666468        7.45392889739084        10.1766075303750     
   10.0841174396570        1.21085934962351     
 
 D =  6.707336156799255E-004  5.184187507168743E-004  2.623549755263857E-003
  2.519588577978462E-003  2.496373521733348E-003  2.485984834173184E-003
  2.419719833822939E-003 -9.856859563767964E-004  3.177364261607641E-003
  4.126814236304153E-003  2.686114408537443E-003  1.494332815869059E-003
  5.907263142928700E-004  6.647610167597473E-004   2.86636428393084     
  0.644043391048653     
 
 Objective function f =  0.600059981236489        1.00000000000000     
 
 dfdD_i =   9.94457526682398        6.95040744179470     
   4.75059557305698        4.15684514392508        3.66176935848890     
   3.21786098552938        2.76025912599975        4.47179265153349     
   4.82644663051334        5.05342035086939        5.28805736396440     
   5.64886634194994        7.43553939282675        10.1680512906242     
   9.99628948184179        1.17708996615371     
 
 D =  6.707336156799255E-004  5.184187507168743E-004  2.623549755263857E-003
  2.519588577978462E-003  2.496373521733348E-003  2.485984834173184E-003
  2.419719833822939E-003 -9.856859563767964E-004  3.177364261607641E-003
  4.126814236304153E-003  2.686114408537443E-003  1.494332815869059E-003
  5.907263142928700E-004  6.647610167597473E-004   2.86636428393084     
  0.644043391048653     
 
 Objective function f =  1.266026828369649E-003   1.00000000000000     
 
 dfdD_i =  3.903410168049709E-002  2.702696078987216E-002
  1.810767190122061E-002  1.553516982821982E-002  1.328336697154764E-002
  1.123527498178749E-002  9.198110968050965E-003  2.352738703988893E-002
  2.095500196543115E-002  1.853976661360224E-002  1.877813977512530E-002
  2.102742368141331E-002  2.873673483278405E-002  3.986544649731619E-002
  4.111518029103228E-002  6.581841274907929E-003
 
 D =  6.707336156799255E-004  5.184187507168743E-004  2.623549755263857E-003
  2.519588577978462E-003  2.496373521733348E-003  2.485984834173184E-003
  2.419719833822939E-003 -9.856859563767964E-004  3.177364261607641E-003
  4.126814236304153E-003  2.686114408537443E-003  1.494332815869059E-003
  5.907263142928700E-004  6.647610167597473E-004   2.86636428393084     
  0.644043391048653     
 
 Objective function f =  1.266026828369491E-003   1.00000000000000     
 
 dfdD_i =  3.903410168049706E-002  2.702696078987193E-002
  1.810767190122061E-002  1.553516982822031E-002  1.328336697154878E-002
  1.123527498178918E-002  9.198110968052954E-003  2.352738703988546E-002
  2.095500196542848E-002  1.853976661360103E-002  1.877813977512531E-002
  2.102742368141367E-002  2.873673483278456E-002  3.986544649731613E-002
  4.111518029102945E-002  6.581841274907730E-003
 
 D =  6.707336156799255E-004  5.184187507168743E-004  2.623549755263857E-003
  2.519588577978462E-003  2.496373521733348E-003  2.485984834173184E-003
  2.419719833822939E-003 -9.856859563767964E-004  3.177364261607641E-003
  4.126814236304153E-003  2.686114408537443E-003  1.494332815869059E-003
  5.907263142928700E-004  6.647610167597473E-004   2.86636428393084     
  0.644043391048653     
 
 Objective function f =  0.600059981236489        1.00000000000000     
 
 dfdD_i =   9.94457526682399        6.95040744179470     
   4.75059557305697        4.15684514392506        3.66176935848887     
   3.21786098552934        2.76025912599972        4.47179265153344     
   4.82644663051330        5.05342035086938        5.28805736396441     
   5.64886634194995        7.43553939282673        10.1680512906241     
   9.99628948184150        1.17708996615370     
 
 D =  1.179719856976234E-003  1.013400114293423E-003  3.174537222145174E-003
  3.245975273594711E-003  3.482030680338388E-003  3.741910857956245E-003
  3.892053780352146E-003 -2.850814749072594E-003  2.404090294491011E-003
  3.426368932125016E-003  1.661118130893761E-003  7.968123293057972E-004
  1.172319475519075E-003  1.150572755095966E-003   2.82294339665326     
  0.641812773523775     
 
 Objective function f =  0.600441677229341        1.00000000000000     
 
 dfdD_i =   9.78020521406472        6.82713215469174     
   4.65408941235721        4.06577413874302        3.57864872742329     
   3.14655809016072        2.70502373722382        4.28500215672902     
   4.60494611799566        4.84372904037791        5.12625788281536     
   5.54361359784271        7.44520896205900        10.2304057714345     
   9.83195177291944        1.10679330198907     
 
 D =  1.179719856976234E-003  1.013400114293423E-003  3.174537222145174E-003
  3.245975273594711E-003  3.482030680338388E-003  3.741910857956245E-003
  3.892053780352146E-003 -2.850814749072594E-003  2.404090294491011E-003
  3.426368932125016E-003  1.661118130893761E-003  7.968123293057972E-004
  1.172319475519075E-003  1.150572755095966E-003   2.82294339665326     
  0.641812773523775     
 
 Objective function f =  1.250935003848853E-003   1.00000000000000     
 
 dfdD_i =  3.818037825492833E-002  2.637555371497792E-002
  1.765383223905174E-002  1.515467889619484E-002  1.297077369284432E-002
  1.098559441331536E-002  9.011759105072299E-003  1.987439825259016E-002
  1.752941277545539E-002  1.720353721446239E-002  1.885956209097446E-002
  2.110893481763328E-002  2.873985438902295E-002  3.996836040098432E-002
  4.012268089596099E-002  5.849564399119104E-003
 
 D =  1.179719856976234E-003  1.013400114293423E-003  3.174537222145174E-003
  3.245975273594711E-003  3.482030680338388E-003  3.741910857956245E-003
  3.892053780352146E-003 -2.850814749072594E-003  2.404090294491011E-003
  3.426368932125016E-003  1.661118130893761E-003  7.968123293057972E-004
  1.172319475519075E-003  1.150572755095966E-003   2.82294339665326     
  0.641812773523775     
 
 Objective function f =  1.250935003848682E-003   1.00000000000000     
 
 dfdD_i =  3.818037825492647E-002  2.637555371497607E-002
  1.765383223905088E-002  1.515467889619423E-002  1.297077369284402E-002
  1.098559441331542E-002  9.011759105072771E-003  1.987439825258690E-002
  1.752941277545301E-002  1.720353721446152E-002  1.885956209097430E-002
  2.110893481763273E-002  2.873985438902201E-002  3.996836040098272E-002
  4.012268089595911E-002  5.849564399118164E-003
 
 D =  1.179719856976234E-003  1.013400114293423E-003  3.174537222145174E-003
  3.245975273594711E-003  3.482030680338388E-003  3.741910857956245E-003
  3.892053780352146E-003 -2.850814749072594E-003  2.404090294491011E-003
  3.426368932125016E-003  1.661118130893761E-003  7.968123293057972E-004
  1.172319475519075E-003  1.150572755095966E-003   2.82294339665326     
  0.641812773523775     
 
 Objective function f =  0.600441677229345        1.00000000000000     
 
 dfdD_i =   9.78020521406475        6.82713215469175     
   4.65408941235720        4.06577413874302        3.57864872742329     
   3.14655809016073        2.70502373722384        4.28500215672905     
   4.60494611799568        4.84372904037792        5.12625788281535     
   5.54361359784270        7.44520896205902        10.2304057714346     
   9.83195177291954        1.10679330198908     
 
 D = -1.241810348227935E-003 -5.861626066492069E-004  6.133769805565495E-003
  6.692395442928689E-003  7.791761479834467E-003  9.020848250277770E-003
  9.976373526283625E-003 -5.953202342519391E-003  4.251768001135146E-003
  3.716042194234489E-003  6.739590179406763E-005  7.939412303993593E-004
 -1.051173737194604E-003 -1.223181093790762E-003   2.90632530439070     
  0.638475366916453     
 
 Objective function f =  0.597737364984898        1.00000000000000     
 
 dfdD_i =   10.2530575548176        6.91246036348836     
   4.36908725999182        3.73621194612520        3.25202365949602     
   2.85710314494199        2.47909395925497        4.16039714039989     
   4.49867398739235        4.76978098791947        5.06246864197363     
   5.44315997053448        7.07711760738822        9.62093172537463     
   9.54814168313115        1.02500182296868     
 
 D = -1.241810348227935E-003 -5.861626066492069E-004  6.133769805565495E-003
  6.692395442928689E-003  7.791761479834467E-003  9.020848250277770E-003
  9.976373526283625E-003 -5.953202342519391E-003  4.251768001135146E-003
  3.716042194234489E-003  6.739590179406763E-005  7.939412303993593E-004
 -1.051173737194604E-003 -1.223181093790762E-003   2.90632530439070     
  0.638475366916453     
 
 Objective function f =  1.219358139862993E-003   1.00000000000000     
 
 dfdD_i =  3.801159335130898E-002  2.549459732918762E-002
  1.628212678733633E-002  1.389461861273211E-002  1.192749406912287E-002
  1.020848361792570E-002  8.514308007286064E-003  1.842720666717416E-002
  1.908034742416146E-002  1.931402073223069E-002  1.974563550939282E-002
  2.065777097927397E-002  2.621092729704599E-002  3.582718947669195E-002
  3.637864279011682E-002  4.645214269490709E-003
 
 D = -1.241810348227935E-003 -5.861626066492069E-004  6.133769805565495E-003
  6.692395442928689E-003  7.791761479834467E-003  9.020848250277770E-003
  9.976373526283625E-003 -5.953202342519391E-003  4.251768001135146E-003
  3.716042194234489E-003  6.739590179406763E-005  7.939412303993593E-004
 -1.051173737194604E-003 -1.223181093790762E-003   2.90632530439070     
  0.638475366916453     
 
 Objective function f =  1.219358139862900E-003   1.00000000000000     
 
 dfdD_i =  3.801159335130729E-002  2.549459732918603E-002
  1.628212678733544E-002  1.389461861273156E-002  1.192749406912267E-002
  1.020848361792585E-002  8.514308007286468E-003  1.842720666717340E-002
  1.908034742415960E-002  1.931402073222808E-002  1.974563550938993E-002
  2.065777097927157E-002  2.621092729704501E-002  3.582718947669088E-002
  3.637864279011471E-002  4.645214269491278E-003
 
 D = -1.241810348227935E-003 -5.861626066492069E-004  6.133769805565495E-003
  6.692395442928689E-003  7.791761479834467E-003  9.020848250277770E-003
  9.976373526283625E-003 -5.953202342519391E-003  4.251768001135146E-003
  3.716042194234489E-003  6.739590179406763E-005  7.939412303993593E-004
 -1.051173737194604E-003 -1.223181093790762E-003   2.90632530439070     
  0.638475366916453     
 
 Objective function f =  0.597737364984900        1.00000000000000     
 
 dfdD_i =   10.2530575548177        6.91246036348843     
   4.36908725999188        3.73621194612524        3.25202365949605     
   2.85710314494201        2.47909395925499        4.16039714039989     
   4.49867398739237        4.76978098791950        5.06246864197367     
   5.44315997053452        7.07711760738820        9.62093172537456     
   9.54814168313101        1.02500182296869     
 
 D =  3.676397191704124E-004  1.472216020850801E-004  8.597554503405578E-003
  8.742889024558715E-003  9.805068538462308E-003  9.983603357906724E-003
  6.226702675508782E-003 -9.702299144855490E-003  5.671173286524140E-003
  1.990605477798902E-003 -3.608511654494137E-003  8.173784588676261E-004
  5.402925509798520E-005  3.083407567864207E-004   2.80433705477703     
  0.631467758253071     
 
 Objective function f =  0.601060248572639        1.00000000000000     
 
 dfdD_i =   9.83315091188137        6.61884121749696     
   4.20123662244330        3.61047552606967        3.16697115659969     
   2.80847973581615        2.46074942887424        3.91042632881147     
   4.20357532132051        4.47214541676100        4.80143082025162     
   5.24999988075502        7.13272977511016        9.84397217074288     
   9.33630023636201       0.943546471073496     
 
 D =  3.676397191704124E-004  1.472216020850801E-004  8.597554503405578E-003
  8.742889024558715E-003  9.805068538462308E-003  9.983603357906724E-003
  6.226702675508782E-003 -9.702299144855490E-003  5.671173286524140E-003
  1.990605477798902E-003 -3.608511654494137E-003  8.173784588676261E-004
  5.402925509798520E-005  3.083407567864207E-004   2.80433705477703     
  0.631467758253071     
 
 Objective function f =  1.215035190126503E-003   1.00000000000000     
 
 dfdD_i =  3.740702392919412E-002  2.493368203960721E-002
  1.599487295234791E-002  1.367801006508644E-002  1.172640712761578E-002
  9.982859632647525E-003  8.258972289572892E-003  1.564615930117232E-002
  1.525196477289435E-002  1.643774061449613E-002  1.815527470423154E-002
  1.995107150563121E-002  2.713116263787575E-002  3.772460190807931E-002
  3.713912361596117E-002  4.683315147320271E-003
 
 D =  3.676397191704124E-004  1.472216020850801E-004  8.597554503405578E-003
  8.742889024558715E-003  9.805068538462308E-003  9.983603357906724E-003
  6.226702675508782E-003 -9.702299144855490E-003  5.671173286524140E-003
  1.990605477798902E-003 -3.608511654494137E-003  8.173784588676261E-004
  5.402925509798520E-005  3.083407567864207E-004   2.80433705477703     
  0.631467758253071     
 
 Objective function f =  1.215035190126453E-003   1.00000000000000     
 
 dfdD_i =  3.740702392919362E-002  2.493368203960742E-002
  1.599487295234803E-002  1.367801006508636E-002  1.172640712761572E-002
  9.982859632647629E-003  8.258972289573265E-003  1.564615930116971E-002
  1.525196477289261E-002  1.643774061449550E-002  1.815527470423164E-002
  1.995107150563143E-002  2.713116263787451E-002  3.772460190807794E-002
  3.713912361596161E-002  4.683315147319990E-003
 
 D =  3.676397191704124E-004  1.472216020850801E-004  8.597554503405578E-003
  8.742889024558715E-003  9.805068538462308E-003  9.983603357906724E-003
  6.226702675508782E-003 -9.702299144855490E-003  5.671173286524140E-003
  1.990605477798902E-003 -3.608511654494137E-003  8.173784588676261E-004
  5.402925509798520E-005  3.083407567864207E-004   2.80433705477703     
  0.631467758253071     
 
 Objective function f =  0.601060248572639        1.00000000000000     
 
 dfdD_i =   9.83315091188150        6.61884121749707     
   4.20123662244335        3.61047552606971        3.16697115659974     
   2.80847973581621        2.46074942887430        3.91042632881146     
   4.20357532132050        4.47214541676100        4.80143082025161     
   5.24999988075501        7.13272977511009        9.84397217074278     
   9.33630023636169       0.943546471073492     
 
 D =  7.445811116349604E-004  7.576205597932596E-004  9.694610148110606E-003
  9.278138117029535E-003  9.071811528910401E-003  9.443628439341949E-003
  7.772576447541674E-003 -8.923277717469950E-003  5.891421291258309E-003
 -1.273019438464752E-003 -5.855248157090398E-003  6.149690899188203E-003
  4.650954230118276E-004  6.216117193415358E-004   2.74591445856032     
  0.612114042259410     
 
 Objective function f =  0.601307753395501        1.00000000000000     
 
 dfdD_i =   9.45217875978575        6.35662151252875     
   4.06315479522579        3.50417415283347        3.08334135475190     
   2.74151011709398        2.40811498902579        3.63816925724909     
   3.95178232250733        4.26429111679506        4.64556520845702     
   5.14221292138954        7.03985885254798        9.62380972377247     
   8.99290861758246       0.826815339531515     
 
 D =  7.445811116349604E-004  7.576205597932596E-004  9.694610148110606E-003
  9.278138117029535E-003  9.071811528910401E-003  9.443628439341949E-003
  7.772576447541674E-003 -8.923277717469950E-003  5.891421291258309E-003
 -1.273019438464752E-003 -5.855248157090398E-003  6.149690899188203E-003
  4.650954230118276E-004  6.216117193415358E-004   2.74591445856032     
  0.612114042259410     
 
 Objective function f =  1.198099124061302E-003   1.00000000000000     
 
 dfdD_i =  3.470781364671675E-002  2.316273913596854E-002
  1.506119241548830E-002  1.297342437108854E-002  1.121634420710991E-002
  9.649910720482038E-003  8.095277314776963E-003  1.636337098697885E-002
  1.642971615338999E-002  1.668784139254557E-002  1.762366598745145E-002
  1.924956502095038E-002  2.599872687224673E-002  3.556286017052784E-002
  3.360833623934584E-002  3.744040937745800E-003
 
 D =  7.445811116349604E-004  7.576205597932596E-004  9.694610148110606E-003
  9.278138117029535E-003  9.071811528910401E-003  9.443628439341949E-003
  7.772576447541674E-003 -8.923277717469950E-003  5.891421291258309E-003
 -1.273019438464752E-003 -5.855248157090398E-003  6.149690899188203E-003
  4.650954230118276E-004  6.216117193415358E-004   2.74591445856032     
  0.612114042259410     
 
 Objective function f =  1.198099124061319E-003   1.00000000000000     
 
 dfdD_i =  3.470781364671694E-002  2.316273913596767E-002
  1.506119241548735E-002  1.297342437108795E-002  1.121634420710990E-002
  9.649910720482647E-003  8.095277314778087E-003  1.636337098698027E-002
  1.642971615339132E-002  1.668784139254667E-002  1.762366598745233E-002
  1.924956502095123E-002  2.599872687224828E-002  3.556286017052918E-002
  3.360833623934567E-002  3.744040937746195E-003
 
 D =  7.445811116349604E-004  7.576205597932596E-004  9.694610148110606E-003
  9.278138117029535E-003  9.071811528910401E-003  9.443628439341949E-003
  7.772576447541674E-003 -8.923277717469950E-003  5.891421291258309E-003
 -1.273019438464752E-003 -5.855248157090398E-003  6.149690899188203E-003
  4.650954230118276E-004  6.216117193415358E-004   2.74591445856032     
  0.612114042259410     
 
 Objective function f =  0.601307753395503        1.00000000000000     
 
 dfdD_i =   9.45217875978576        6.35662151252879     
   4.06315479522582        3.50417415283350        3.08334135475191     
   2.74151011709400        2.40811498902581        3.63816925724913     
   3.95178232250735        4.26429111679506        4.64556520845700     
   5.14221292138950        7.03985885254794        9.62380972377242     
   8.99290861758260       0.826815339531530     
 
 D = -8.340956835159547E-004 -1.247208716251290E-003  3.153495795022393E-003
  2.749069252637298E-003  4.945656121494694E-003  6.020312128253828E-003
  6.033410563956205E-003 -4.482537957156038E-003 -1.701786890218682E-004
  5.744418330318947E-003  8.149418800257014E-003 -6.733031732682713E-003
 -1.059669563185601E-003 -1.083180999678625E-003   3.50606083100944     
  0.600809407926253     
 
 Objective function f =  0.601627280718361        1.00000000000000     
 
 dfdD_i =   9.54227562997488        6.58819072712164     
   4.32916203022968        3.73553208544906        3.25904457963745     
   2.85099000991051        2.44670462136360        3.81931966270947     
   4.16818487325841        4.46564625950511        4.76934524271813     
   5.13159116479432        6.68359771275594        9.18043777275492     
   9.08027989501217       0.849877833040459     
 
 D = -8.340956835159547E-004 -1.247208716251290E-003  3.153495795022393E-003
  2.749069252637298E-003  4.945656121494694E-003  6.020312128253828E-003
  6.033410563956205E-003 -4.482537957156038E-003 -1.701786890218682E-004
  5.744418330318947E-003  8.149418800257014E-003 -6.733031732682713E-003
 -1.059669563185601E-003 -1.083180999678625E-003   3.50606083100944     
  0.600809407926253     
 
 Objective function f =  1.221998463022915E-003   1.00000000000000     
 
 dfdD_i =  3.486547676337379E-002  2.388354416931965E-002
  1.564568656233735E-002  1.337479701509319E-002  1.145022579717482E-002
  9.747591157183230E-003  8.096142292904942E-003  1.739178342003240E-002
  1.765345602582682E-002  1.788723909665409E-002  1.835246719121403E-002
  1.907363638099112E-002  2.416081729195908E-002  3.362632156021875E-002
  3.400872326910825E-002  3.819212813496384E-003
 
 D = -8.340956835159547E-004 -1.247208716251290E-003  3.153495795022393E-003
  2.749069252637298E-003  4.945656121494694E-003  6.020312128253828E-003
  6.033410563956205E-003 -4.482537957156038E-003 -1.701786890218682E-004
  5.744418330318947E-003  8.149418800257014E-003 -6.733031732682713E-003
 -1.059669563185601E-003 -1.083180999678625E-003   3.50606083100944     
  0.600809407926253     
 
 Objective function f =  1.221998463022663E-003   1.00000000000000     
 
 dfdD_i =  3.486547676337307E-002  2.388354416932016E-002
  1.564568656233857E-002  1.337479701509463E-002  1.145022579717632E-002
  9.747591157184687E-003  8.096142292906370E-003  1.739178342003000E-002
  1.765345602582608E-002  1.788723909665462E-002  1.835246719121538E-002
  1.907363638099285E-002  2.416081729195992E-002  3.362632156021828E-002
  3.400872326910442E-002  3.819212813495084E-003
 
 D = -8.340956835159547E-004 -1.247208716251290E-003  3.153495795022393E-003
  2.749069252637298E-003  4.945656121494694E-003  6.020312128253828E-003
  6.033410563956205E-003 -4.482537957156038E-003 -1.701786890218682E-004
  5.744418330318947E-003  8.149418800257014E-003 -6.733031732682713E-003
 -1.059669563185601E-003 -1.083180999678625E-003   3.50606083100944     
  0.600809407926253     
 
 Objective function f =  0.601627280718358        1.00000000000000     
 
 dfdD_i =   9.54227562997487        6.58819072712164     
   4.32916203022967        3.73553208544905        3.25904457963744     
   2.85099000991050        2.44670462136360        3.81931966270943     
   4.16818487325838        4.46564625950510        4.76934524271814     
   5.13159116479433        6.68359771275596        9.18043777275499     
   9.08027989501191       0.849877833040438     
 
 D = -4.626825810802173E-004 -8.294094776822476E-004  5.135583748666228E-003
  4.881082140447903E-003  6.642298809011273E-003  7.578596157116098E-003
  7.732052054000230E-003 -7.710594575940941E-003  1.379003132853549E-003
  3.912152172642908E-003  5.028740326556485E-003 -3.974951404206636E-003
 -7.134934041880690E-004 -7.058088470391671E-004   3.31387789206278     
  0.602359342867714     
 
 Objective function f =  0.600436067432217        1.00000000000000     
 
 dfdD_i =   9.51244267583728        6.50987110724207     
   4.22001808017171        3.63196759592645        3.17039655256965     
   2.78334547079960        2.40428307208036        3.72537240455955     
   4.06407110351112        4.37121902628873        4.70458458676240     
   5.10870538239894        6.74465457005852        9.25344932060031     
   8.98821605320299       0.821786417337440     
 
 D = -4.626825810802173E-004 -8.294094776822476E-004  5.135583748666228E-003
  4.881082140447903E-003  6.642298809011273E-003  7.578596157116098E-003
  7.732052054000230E-003 -7.710594575940941E-003  1.379003132853549E-003
  3.912152172642908E-003  5.028740326556485E-003 -3.974951404206636E-003
 -7.134934041880690E-004 -7.058088470391671E-004   3.31387789206278     
  0.602359342867714     
 
 Objective function f =  1.201596235500007E-003   1.00000000000000     
 
 dfdD_i =  3.533993280104229E-002  2.394546573238336E-002
  1.550703621663009E-002  1.321580765326518E-002  1.127297075370555E-002
  9.548181143434406E-003  7.870457416501719E-003  1.492044247323394E-002
  1.523441629567585E-002  1.642516837182550E-002  1.779497897411440E-002
  1.911292670902955E-002  2.486115147655919E-002  3.450992885041605E-002
  3.491729516889441E-002  4.023657190879847E-003
 
 D = -4.626825810802173E-004 -8.294094776822476E-004  5.135583748666228E-003
  4.881082140447903E-003  6.642298809011273E-003  7.578596157116098E-003
  7.732052054000230E-003 -7.710594575940941E-003  1.379003132853549E-003
  3.912152172642908E-003  5.028740326556485E-003 -3.974951404206636E-003
 -7.134934041880690E-004 -7.058088470391671E-004   3.31387789206278     
  0.602359342867714     
 
 Objective function f =  1.201596235500147E-003   1.00000000000000     
 
 dfdD_i =  3.533993280104260E-002  2.394546573238317E-002
  1.550703621663087E-002  1.321580765326593E-002  1.127297075370605E-002
  9.548181143434583E-003  7.870457416501685E-003  1.492044247323587E-002
  1.523441629567771E-002  1.642516837182747E-002  1.779497897411660E-002
  1.911292670903171E-002  2.486115147655967E-002  3.450992885041722E-002
  3.491729516888620E-002  4.023657190879638E-003
 
 D = -4.626825810802173E-004 -8.294094776822476E-004  5.135583748666228E-003
  4.881082140447903E-003  6.642298809011273E-003  7.578596157116098E-003
  7.732052054000230E-003 -7.710594575940941E-003  1.379003132853549E-003
  3.912152172642908E-003  5.028740326556485E-003 -3.974951404206636E-003
 -7.134934041880690E-004 -7.058088470391671E-004   3.31387789206278     
  0.602359342867714     
 
 Objective function f =  0.600436067432218        1.00000000000000     
 
 dfdD_i =   9.51244267583739        6.50987110724215     
   4.22001808017176        3.63196759592649        3.17039655256969     
   2.78334547079963        2.40428307208038        3.72537240455958     
   4.06407110351114        4.37121902628875        4.70458458676242     
   5.10870538239897        6.74465457005853        9.25344932060031     
   8.98821605320295       0.821786417337440     
 
 D =  4.353670728946227E-004  3.113355375257594E-004  8.234825863152422E-003
  8.168421932843378E-003  8.697320581986193E-003  9.157204554396456E-003
  9.474054880604184E-003 -9.615092851461353E-003  2.785549163724188E-003
  4.631600365377722E-004 -8.735502363173501E-004  3.124194002858114E-003
  1.748390925927010E-004  2.367420699535389E-004   2.91941291983093     
  0.600882729822455     
 
 Objective function f =  0.600494303659892        1.00000000000000     
 
 dfdD_i =   9.35198221454417        6.32417856225458     
   4.05322188668500        3.48798598103881        3.05674292076924     
   2.70434458566758        2.36290380592875        3.55368174601225     
   3.88775530949190        4.22091554616909        4.60991617207043     
   5.09136617364821        6.88443837831041        9.39359715695317     
   8.83927979244717       0.777740524853814     
 
 D =  4.353670728946227E-004  3.113355375257594E-004  8.234825863152422E-003
  8.168421932843378E-003  8.697320581986193E-003  9.157204554396456E-003
  9.474054880604184E-003 -9.615092851461353E-003  2.785549163724188E-003
  4.631600365377722E-004 -8.735502363173501E-004  3.124194002858114E-003
  1.748390925927010E-004  2.367420699535389E-004   2.91941291983093     
  0.600882729822455     
 
 Objective function f =  1.183771620204827E-003   1.00000000000000     
 
 dfdD_i =  3.424155879037850E-002  2.294728382213759E-002
  1.488323382533335E-002  1.277381172402929E-002  1.100037241810175E-002
  9.428021283919820E-003  7.882258562941186E-003  1.532615911562664E-002
  1.543813546432480E-002  1.614643678726767E-002  1.740301878766742E-002
  1.902275594284731E-002  2.524226184568267E-002  3.457003265692726E-002
  3.322851774929303E-002  3.626255210502522E-003
 
 D =  4.353670728946227E-004  3.113355375257594E-004  8.234825863152422E-003
  8.168421932843378E-003  8.697320581986193E-003  9.157204554396456E-003
  9.474054880604184E-003 -9.615092851461353E-003  2.785549163724188E-003
  4.631600365377722E-004 -8.735502363173501E-004  3.124194002858114E-003
  1.748390925927010E-004  2.367420699535389E-004   2.91941291983093     
  0.600882729822455     
 
 Objective function f =  1.183771620204789E-003   1.00000000000000     
 
 dfdD_i =  3.424155879037811E-002  2.294728382213731E-002
  1.488323382533279E-002  1.277381172402874E-002  1.100037241810137E-002
  9.428021283919671E-003  7.882258562941218E-003  1.532615911562760E-002
  1.543813546432668E-002  1.614643678726941E-002  1.740301878766822E-002
  1.902275594284708E-002  2.524226184568150E-002  3.457003265692710E-002
  3.322851774929164E-002  3.626255210502350E-003
 
 D =  4.353670728946227E-004  3.113355375257594E-004  8.234825863152422E-003
  8.168421932843378E-003  8.697320581986193E-003  9.157204554396456E-003
  9.474054880604184E-003 -9.615092851461353E-003  2.785549163724188E-003
  4.631600365377722E-004 -8.735502363173501E-004  3.124194002858114E-003
  1.748390925927010E-004  2.367420699535389E-004   2.91941291983093     
  0.600882729822455     
 
 Objective function f =  0.600494303659893        1.00000000000000     
 
 dfdD_i =   9.35198221454416        6.32417856225452     
   4.05322188668497        3.48798598103881        3.05674292076925     
   2.70434458566759        2.36290380592876        3.55368174601229     
   3.88775530949196        4.22091554616914        4.60991617207048     
   5.09136617364826        6.88443837831045        9.39359715695318     
   8.83927979244705       0.777740524853826     
 
 D =  9.011981984648840E-004  8.645561176927802E-004  9.098154027410963E-003
  9.044978608963222E-003  9.388757452818284E-003  9.615135066777924E-003
  9.731073855398294E-003 -9.979518591683612E-003  1.204115827341427E-003
  1.139250325420139E-003 -2.193624371387382E-003  4.410632840279868E-003
  7.038244346540874E-004  8.377233425918579E-004   2.76689111276071     
  0.600322617809169     
 
 Objective function f =  0.600141801089641        1.00000000000000     
 
 dfdD_i =   9.25898107419320        6.24696543534810     
   4.00439629095909        3.44948773798984        3.02895877137868     
   2.68759428778816        2.35753644654247        3.49570697748377     
   3.83276345860754        4.17425888569754        4.57914001932687     
   5.08380494594500        6.94551669508011        9.48581227738197     
   8.78441851526673       0.761756837230702     
 
 D =  9.011981984648840E-004  8.645561176927802E-004  9.098154027410963E-003
  9.044978608963222E-003  9.388757452818284E-003  9.615135066777924E-003
  9.731073855398294E-003 -9.979518591683612E-003  1.204115827341427E-003
  1.139250325420139E-003 -2.193624371387382E-003  4.410632840279868E-003
  7.038244346540874E-004  8.377233425918579E-004   2.76689111276071     
  0.600322617809169     
 
 Objective function f =  1.177114341626102E-003   1.00000000000000     
 
 dfdD_i =  3.412098001095963E-002  2.279351290633806E-002
  1.478425720506376E-002  1.269885821174714E-002  1.093945723778126E-002
  9.370624968459534E-003  7.818529128773817E-003  1.451328748382146E-002
  1.461289154548809E-002  1.559437519378707E-002  1.715612228237273E-002
  1.902199066540968E-002  2.565111423678485E-002  3.517164768289963E-002
  3.339322811603029E-002  3.678246936951237E-003
 
 D =  9.011981984648840E-004  8.645561176927802E-004  9.098154027410963E-003
  9.044978608963222E-003  9.388757452818284E-003  9.615135066777924E-003
  9.731073855398294E-003 -9.979518591683612E-003  1.204115827341427E-003
  1.139250325420139E-003 -2.193624371387382E-003  4.410632840279868E-003
  7.038244346540874E-004  8.377233425918579E-004   2.76689111276071     
  0.600322617809169     
 
 Objective function f =  1.177114341626155E-003   1.00000000000000     
 
 dfdD_i =  3.412098001096889E-002  2.279351290634638E-002
  1.478425720507009E-002  1.269885821175329E-002  1.093945723778801E-002
  9.370624968467498E-003  7.818529128783339E-003  1.451328748383272E-002
  1.461289154549713E-002  1.559437519379511E-002  1.715612228238058E-002
  1.902199066541782E-002  2.565111423679423E-002  3.517164768290907E-002
  3.339322811600171E-002  3.678246936951920E-003
 
 D =  9.011981984648840E-004  8.645561176927802E-004  9.098154027410963E-003
  9.044978608963222E-003  9.388757452818284E-003  9.615135066777924E-003
  9.731073855398294E-003 -9.979518591683612E-003  1.204115827341427E-003
  1.139250325420139E-003 -2.193624371387382E-003  4.410632840279868E-003
  7.038244346540874E-004  8.377233425918579E-004   2.76689111276071     
  0.600322617809169     
 
 Objective function f =  0.600141801089638        1.00000000000000     
 
 dfdD_i =   9.25898107419305        6.24696543534799     
   4.00439629095902        3.44948773798977        3.02895877137862     
   2.68759428778811        2.35753644654242        3.49570697748376     
   3.83276345860754        4.17425888569754        4.57914001932685     
   5.08380494594495        6.94551669508000        9.48581227738185     
   8.78441851526681       0.761756837230687     
 
 D =  1.169949689762011E-003  1.171777321017079E-003  9.901042319211229E-003
  9.889522452286683E-003  9.915159563126122E-003  9.946523249109336E-003
  9.972205329966764E-003 -9.950626351355199E-003 -1.661630576161079E-003
  3.212160706321944E-003 -4.009703675632968E-003  7.529891872882804E-003
  1.115136521512067E-003  1.125548330678675E-003   2.60771291835254     
  0.600045748135353     
 
 Objective function f =  0.600141969235320        1.00000000000000     
 
 dfdD_i =   9.20887935395399        6.19706754921880     
   3.96566343604925        3.41817189635370        3.00666746377659     
   2.67522887454741        2.35566501780617        3.44312656262022     
   3.79988368873359        4.16526148645891        4.59866627671909     
   5.13221882491513        7.01833422443483        9.51911037793690     
   8.73972847060626       0.750201949982644     
 
 D =  1.169949689762011E-003  1.171777321017079E-003  9.901042319211229E-003
  9.889522452286683E-003  9.915159563126122E-003  9.946523249109336E-003
  9.972205329966764E-003 -9.950626351355199E-003 -1.661630576161079E-003
  3.212160706321944E-003 -4.009703675632968E-003  7.529891872882804E-003
  1.115136521512067E-003  1.125548330678675E-003   2.60771291835254     
  0.600045748135353     
 
 Objective function f =  1.173416920662097E-003   1.00000000000000     
 
 dfdD_i =  3.415104635110456E-002  2.273969197583615E-002
  1.473075225249160E-002  1.265635978973922E-002  1.090225597549904E-002
  9.330866570548995E-003  7.766941874541067E-003  1.372316891468576E-002
  1.391071116396756E-002  1.524513531611057E-002  1.718648149025068E-002
  1.933816439804554E-002  2.609803286972825E-002  3.549256608644070E-002
  3.361179345218374E-002  3.751605779003837E-003
 
 D =  1.169949689762011E-003  1.171777321017079E-003  9.901042319211229E-003
  9.889522452286683E-003  9.915159563126122E-003  9.946523249109336E-003
  9.972205329966764E-003 -9.950626351355199E-003 -1.661630576161079E-003
  3.212160706321944E-003 -4.009703675632968E-003  7.529891872882804E-003
  1.115136521512067E-003  1.125548330678675E-003   2.60771291835254     
  0.600045748135353     
 
 Objective function f =  1.173416920662243E-003   1.00000000000000     
 
 dfdD_i =  3.415104635110221E-002  2.273969197583470E-002
  1.473075225249052E-002  1.265635978973809E-002  1.090225597549781E-002
  9.330866570547627E-003  7.766941874539391E-003  1.372316891468410E-002
  1.391071116396641E-002  1.524513531610980E-002  1.718648149024996E-002
  1.933816439804443E-002  2.609803286972560E-002  3.549256608643869E-002
  3.361179345219356E-002  3.751605779004632E-003
 
 D =  1.169949689762011E-003  1.171777321017079E-003  9.901042319211229E-003
  9.889522452286683E-003  9.915159563126122E-003  9.946523249109336E-003
  9.972205329966764E-003 -9.950626351355199E-003 -1.661630576161079E-003
  3.212160706321944E-003 -4.009703675632968E-003  7.529891872882804E-003
  1.115136521512067E-003  1.125548330678675E-003   2.60771291835254     
  0.600045748135353     
 
 Objective function f =  0.600141969235320        1.00000000000000     
 
 dfdD_i =   9.20887935395392        6.19706754921877     
   3.96566343604925        3.41817189635370        3.00666746377659     
   2.67522887454741        2.35566501780615        3.44312656262020     
   3.79988368873357        4.16526148645889        4.59866627671907     
   5.13221882491510        7.01833422443481        9.51911037793689     
   8.73972847060629       0.750201949982633     
 
 D =  1.237960240373633E-003  1.232058817738735E-003  9.949974537989384E-003
  9.945349525664548E-003  9.961119958780448E-003  9.975158918329934E-003
  9.982614688456813E-003 -9.971532267467062E-003 -4.052556103356616E-003
  6.587839117338815E-003 -5.968033921394241E-003  9.698009865377603E-003
  1.233063974658083E-003  1.249502690874855E-003   2.53705494412588     
  0.600025343220251     
 
 Objective function f =  0.600062316793465        1.00000000000000     
 
 dfdD_i =   9.19679586801729        6.19084302306634     
   3.96516530351491        3.41911688054166        3.00894481130961     
   2.67884567046422        2.36066588611582        3.42322066536799     
   3.79823588297072        4.18255953958386        4.63354704425999     
   5.17991758587453        7.05826557619211        9.52525091912699     
   8.73113376860366       0.748560567505733     
 
 D =  1.237960240373633E-003  1.232058817738735E-003  9.949974537989384E-003
  9.945349525664548E-003  9.961119958780448E-003  9.975158918329934E-003
  9.982614688456813E-003 -9.971532267467062E-003 -4.052556103356616E-003
  6.587839117338815E-003 -5.968033921394241E-003  9.698009865377603E-003
  1.233063974658083E-003  1.249502690874855E-003   2.53705494412588     
  0.600025343220251     
 
 Objective function f =  1.171894211643811E-003   1.00000000000000     
 
 dfdD_i =  3.410548714815571E-002  2.271341403378747E-002
  1.472673550276650E-002  1.265878697237213E-002  1.090895734721511E-002
  9.339740435466459E-003  7.775788088754202E-003  1.343993539820576E-002
  1.383617556928313E-002  1.534251344065247E-002  1.739765757795650E-002
  1.960992694164784E-002  2.624707600931827E-002  3.548909473528285E-002
  3.355723994746340E-002  3.735685994196278E-003
 
 D =  1.237960240373633E-003  1.232058817738735E-003  9.949974537989384E-003
  9.945349525664548E-003  9.961119958780448E-003  9.975158918329934E-003
  9.982614688456813E-003 -9.971532267467062E-003 -4.052556103356616E-003
  6.587839117338815E-003 -5.968033921394241E-003  9.698009865377603E-003
  1.233063974658083E-003  1.249502690874855E-003   2.53705494412588     
  0.600025343220251     
 
 Objective function f =  1.171894211643795E-003   1.00000000000000     
 
 dfdD_i =  3.410548714815444E-002  2.271341403378679E-002
  1.472673550276675E-002  1.265878697237224E-002  1.090895734721496E-002
  9.339740435466150E-003  7.775788088753896E-003  1.343993539820762E-002
  1.383617556928423E-002  1.534251344065289E-002  1.739765757795628E-002
  1.960992694164717E-002  2.624707600931635E-002  3.548909473528104E-002
  3.355723994746379E-002  3.735685994195858E-003
 
 D =  1.237960240373633E-003  1.232058817738735E-003  9.949974537989384E-003
  9.945349525664548E-003  9.961119958780448E-003  9.975158918329934E-003
  9.982614688456813E-003 -9.971532267467062E-003 -4.052556103356616E-003
  6.587839117338815E-003 -5.968033921394241E-003  9.698009865377603E-003
  1.233063974658083E-003  1.249502690874855E-003   2.53705494412588     
  0.600025343220251     
 
 Objective function f =  0.600062316793467        1.00000000000000     
 
 dfdD_i =   9.19679586801717        6.19084302306626     
   3.96516530351487        3.41911688054163        3.00894481130960     
   2.67884567046422        2.36066588611583        3.42322066536796     
   3.79823588297071        4.18255953958386        4.63354704426001     
   5.17991758587457        7.05826557619211        9.52525091912689     
   8.73113376860375       0.748560567505739     
 
 D =  1.106652257282616E-003  1.088821832571290E-003  9.629670102134207E-003
  9.604769763452998E-003  9.719832221140803E-003  9.814883027247772E-003
  9.867489411849704E-003 -9.803980024196234E-003 -5.747501717792188E-003
  9.767134717542444E-003 -4.822590795892793E-003  7.533595570856595E-003
  1.039384034762910E-003  1.082463987845132E-003   2.58454944563344     
  0.600192882921403     
 
 Objective function f =  0.600083089681837        1.00000000000000     
 
 dfdD_i =   9.21987491956538        6.21289408152209     
   3.98210468026299        3.43330399962791        3.01984760528797     
   2.68611202232480        2.36401130242778        3.44975868385409     
   3.83303688333992        4.21798626025868        4.65872249626856     
   5.18433772574477        7.01443529139654        9.48608087503899     
   8.74658383110272       0.753088699893074     
 
 D =  1.106652257282616E-003  1.088821832571290E-003  9.629670102134207E-003
  9.604769763452998E-003  9.719832221140803E-003  9.814883027247772E-003
  9.867489411849704E-003 -9.803980024196234E-003 -5.747501717792188E-003
  9.767134717542444E-003 -4.822590795892793E-003  7.533595570856595E-003
  1.039384034762910E-003  1.082463987845132E-003   2.58454944563344     
  0.600192882921403     
 
 Objective function f =  1.172983587979316E-003   1.00000000000000     
 
 dfdD_i =  3.419373863954087E-002  2.279760452349317E-002
  1.477734980121056E-002  1.269293889059191E-002  1.092804014397976E-002
  9.345721292769522E-003  7.771701291405415E-003  1.338809869669569E-002
  1.399398334890379E-002  1.559088194598082E-002  1.758141666157467E-002
  1.963075930519494E-002  2.602875231486978E-002  3.534856680285030E-002
  3.364745114667644E-002  3.739364253557902E-003
 
 D =  1.106652257282616E-003  1.088821832571290E-003  9.629670102134207E-003
  9.604769763452998E-003  9.719832221140803E-003  9.814883027247772E-003
  9.867489411849704E-003 -9.803980024196234E-003 -5.747501717792188E-003
  9.767134717542444E-003 -4.822590795892793E-003  7.533595570856595E-003
  1.039384034762910E-003  1.082463987845132E-003   2.58454944563344     
  0.600192882921403     
 
 Objective function f =  1.172983587979546E-003   1.00000000000000     
 
 dfdD_i =  3.419373863954581E-002  2.279760452349560E-002
  1.477734980121232E-002  1.269293889059344E-002  1.092804014398092E-002
  9.345721292770403E-003  7.771701291406181E-003  1.338809869669902E-002
  1.399398334890653E-002  1.559088194598291E-002  1.758141666157606E-002
  1.963075930519574E-002  2.602875231487138E-002  3.534856680285391E-002
  3.364745114667927E-002  3.739364253559474E-003
 
 D =  1.106652257282616E-003  1.088821832571290E-003  9.629670102134207E-003
  9.604769763452998E-003  9.719832221140803E-003  9.814883027247772E-003
  9.867489411849704E-003 -9.803980024196234E-003 -5.747501717792188E-003
  9.767134717542444E-003 -4.822590795892793E-003  7.533595570856595E-003
  1.039384034762910E-003  1.082463987845132E-003   2.58454944563344     
  0.600192882921403     
 
 Objective function f =  0.600083089681839        1.00000000000000     
 
 dfdD_i =   9.21987491956550        6.21289408152215     
   3.98210468026302        3.43330399962794        3.01984760528801     
   2.68611202232486        2.36401130242785        3.44975868385408     
   3.83303688333990        4.21798626025866        4.65872249626855     
   5.18433772574477        7.01443529139653        9.48608087503892     
   8.74658383110265       0.753088699893064     
 
 D =  1.224354771279166E-003  1.222004062711821E-003  9.913102532562321E-003
  9.899525326331147E-003  9.945670261459993E-003  9.976132048992120E-003
  9.988956095840554E-003 -9.975259227021470E-003 -5.826089453221129E-003
  9.985252733384565E-003 -5.506850335776858E-003  8.162156663599159E-003
  1.203353282570899E-003  1.219089586305759E-003   2.53250841710866     
  0.600012094809905     
 
 Objective function f =  0.600005012464287        1.00000000000000     
 
 dfdD_i =   9.20377948746208        6.19623644375046     
   3.96866880803911        3.42180841403179        3.01079428307637     
   2.67986109373767        2.36085987218393        3.42657034471437     
   3.81007613677254        4.20182305986210        4.65127647309735     
   5.18583111852715        7.03571878228146        9.51201747144609     
   8.74295513588557       0.752492392619979     
 
 D =  1.224354771279166E-003  1.222004062711821E-003  9.913102532562321E-003
  9.899525326331147E-003  9.945670261459993E-003  9.976132048992120E-003
  9.988956095840554E-003 -9.975259227021470E-003 -5.826089453221129E-003
  9.985252733384565E-003 -5.506850335776858E-003  8.162156663599159E-003
  1.203353282570899E-003  1.219089586305759E-003   2.53250841710866     
  0.600012094809905     
 
 Objective function f =  1.171229573874506E-003   1.00000000000000     
 
 dfdD_i =  3.383008988984188E-002  2.254896454485433E-002
  1.465417211194953E-002  1.261762577791599E-002  1.089990568657030E-002
  9.364673960776466E-003  7.837868966961422E-003  1.399529700436748E-002
  1.455929153339850E-002  1.587189642383871E-002  1.764083513470855E-002
  1.959782652919958E-002  2.592661615861875E-002  3.514159910409583E-002
  3.299218680525390E-002  3.586482217084465E-003
 
 D =  1.224354771279166E-003  1.222004062711821E-003  9.913102532562321E-003
  9.899525326331147E-003  9.945670261459993E-003  9.976132048992120E-003
  9.988956095840554E-003 -9.975259227021470E-003 -5.826089453221129E-003
  9.985252733384565E-003 -5.506850335776858E-003  8.162156663599159E-003
  1.203353282570899E-003  1.219089586305759E-003   2.53250841710866     
  0.600012094809905     
 
 Objective function f =  1.171229573874481E-003   1.00000000000000     
 
 dfdD_i =  3.383008988984317E-002  2.254896454485702E-002
  1.465417211195212E-002  1.261762577791854E-002  1.089990568657298E-002
  9.364673960779349E-003  7.837868966964383E-003  1.399529700437412E-002
  1.455929153340559E-002  1.587189642384498E-002  1.764083513471324E-002
  1.959782652920288E-002  2.592661615862171E-002  3.514159910409858E-002
  3.299218680523996E-002  3.586482217084398E-003
 
 D =  1.224354771279166E-003  1.222004062711821E-003  9.913102532562321E-003
  9.899525326331147E-003  9.945670261459993E-003  9.976132048992120E-003
  9.988956095840554E-003 -9.975259227021470E-003 -5.826089453221129E-003
  9.985252733384565E-003 -5.506850335776858E-003  8.162156663599159E-003
  1.203353282570899E-003  1.219089586305759E-003   2.53250841710866     
  0.600012094809905     
 
 Objective function f =  0.600005012464290        1.00000000000000     
 
 dfdD_i =   9.20377948746207        6.19623644375039     
   3.96866880803907        3.42180841403176        3.01079428307635     
   2.67986109373765        2.36085987218391        3.42657034471432     
   3.81007613677249        4.20182305986206        4.65127647309731     
   5.18583111852712        7.03571878228146        9.51201747144606     
   8.74295513588578       0.752492392619973     
 
 D =  1.245727466386687E-003  1.245600565930433E-003  9.987173284897993E-003
  9.984903647863735E-003  9.991877648300436E-003  9.995285702372590E-003
  9.996756462984235E-003 -9.999864617653243E-003 -5.936984847538468E-003
  9.968550556889343E-003 -6.066700945401280E-003  8.939562484201521E-003
  1.244163275289127E-003  1.245024742238857E-003   2.51599009400714     
  0.600004481670110     
 
 Objective function f =  0.600004278415034        1.00000000000000     
 
 dfdD_i =   9.20009847468179        6.19218635390585     
   3.96535108634589        3.41918562619994        3.00904686984153     
   2.67907120958663        2.36105734113289        3.42017652644547     
   3.80455947927247        4.19877720741005        4.65281421402005     
   5.19320879366013        7.04897374495240        9.51656038250762     
   8.73888339132370       0.751573189213891     
 
 D =  1.245727466386687E-003  1.245600565930433E-003  9.987173284897993E-003
  9.984903647863735E-003  9.991877648300436E-003  9.995285702372590E-003
  9.996756462984235E-003 -9.999864617653243E-003 -5.936984847538468E-003
  9.968550556889343E-003 -6.066700945401280E-003  8.939562484201521E-003
  1.244163275289127E-003  1.245024742238857E-003   2.51599009400714     
  0.600004481670110     
 
 Objective function f =  1.170982985936315E-003   1.00000000000000     
 
 dfdD_i =  3.386242269302643E-002  2.256206856763097E-002
  1.465759011910107E-002  1.261871007959362E-002  1.089794308843780E-002
  9.358650864733193E-003  7.826606710582424E-003  1.383684423140801E-002
  1.441377344560916E-002  1.579106406315474E-002  1.763163122001883E-002
  1.964946112123281E-002  2.601696595453799E-002  3.519860723644338E-002
  3.306648678547564E-002  3.605235785098790E-003
 
 D =  1.245727466386687E-003  1.245600565930433E-003  9.987173284897993E-003
  9.984903647863735E-003  9.991877648300436E-003  9.995285702372590E-003
  9.996756462984235E-003 -9.999864617653243E-003 -5.936984847538468E-003
  9.968550556889343E-003 -6.066700945401280E-003  8.939562484201521E-003
  1.244163275289127E-003  1.245024742238857E-003   2.51599009400714     
  0.600004481670110     
 
 Objective function f =  1.170982985936052E-003   1.00000000000000     
 
 dfdD_i =  3.386242269302604E-002  2.256206856763189E-002
  1.465759011910242E-002  1.261871007959504E-002  1.089794308843921E-002
  9.358650864734600E-003  7.826606710583961E-003  1.383684423140659E-002
  1.441377344560991E-002  1.579106406315672E-002  1.763163122002094E-002
  1.964946112123406E-002  2.601696595453783E-002  3.519860723644350E-002
  3.306648678546514E-002  3.605235785098132E-003
 
 D =  1.245727466386687E-003  1.245600565930433E-003  9.987173284897993E-003
  9.984903647863735E-003  9.991877648300436E-003  9.995285702372590E-003
  9.996756462984235E-003 -9.999864617653243E-003 -5.936984847538468E-003
  9.968550556889343E-003 -6.066700945401280E-003  8.939562484201521E-003
  1.244163275289127E-003  1.245024742238857E-003   2.51599009400714     
  0.600004481670110     
 
 Objective function f =  0.600004278415034        1.00000000000000     
 
 dfdD_i =   9.20009847468167        6.19218635390575     
   3.96535108634586        3.41918562619991        3.00904686984149     
   2.67907120958659        2.36105734113284        3.42017652644547     
   3.80455947927249        4.19877720741007        4.65281421402007     
   5.19320879366013        7.04897374495237        9.51656038250764     
   8.73888339132355       0.751573189213882     
 
 D =  1.249859921024788E-003  1.249847096607035E-003  9.999652291226922E-003
  9.999704128791967E-003  9.999732150572274E-003  9.999840347507141E-003
  9.999902521734419E-003 -9.999868356820362E-003 -5.925550070602612E-003
  9.999706171511536E-003 -6.569984450941347E-003  9.431894959085571E-003
  1.249713977231025E-003  1.249838187132392E-003   2.51151195766979     
  0.600000158304449     
 
 Objective function f =  0.600000714971533        1.00000000000000     
 
 dfdD_i =   9.19935778356349        6.19146646185577     
   3.96481052254996        3.41877322250935        3.00879355966736     
   2.67899468258663        2.36116798058453        3.41772548933570     
   3.80196619022582        4.19683616324576        4.65271179906086     
   5.19588697825562        7.05497960074669        9.51808037210726     
   8.73783987034990       0.751301947199663     
 
 D =  1.249859921024788E-003  1.249847096607035E-003  9.999652291226922E-003
  9.999704128791967E-003  9.999732150572274E-003  9.999840347507141E-003
  9.999902521734419E-003 -9.999868356820362E-003 -5.925550070602612E-003
  9.999706171511536E-003 -6.569984450941347E-003  9.431894959085571E-003
  1.249713977231025E-003  1.249838187132392E-003   2.51151195766979     
  0.600000158304449     
 
 Objective function f =  1.170917294382746E-003   1.00000000000000     
 
 dfdD_i =  3.386616124313469E-002  2.256332481507335E-002
  1.465789456689080E-002  1.261888505808358E-002  1.089788158509560E-002
  9.358181135170798E-003  7.825476478995006E-003  1.381076723740047E-002
  1.438113835507785E-002  1.576597096305319E-002  1.762481448854784E-002
  1.966641662526168E-002  2.605014662943764E-002  3.520648377320835E-002
  3.307476351258426E-002  3.607831088565407E-003
 
 D =  1.249859921024788E-003  1.249847096607035E-003  9.999652291226922E-003
  9.999704128791967E-003  9.999732150572274E-003  9.999840347507141E-003
  9.999902521734419E-003 -9.999868356820362E-003 -5.925550070602612E-003
  9.999706171511536E-003 -6.569984450941347E-003  9.431894959085571E-003
  1.249713977231025E-003  1.249838187132392E-003   2.51151195766979     
  0.600000158304449     
 
 Objective function f =  0.600000714971532        1.00000000000000     
 
 dfdD_i =   9.19935778356347        6.19146646185577     
   3.96481052254997        3.41877322250938        3.00879355966740     
   2.67899468258667        2.36116798058457        3.41772548933570     
   3.80196619022582        4.19683616324576        4.65271179906085     
   5.19588697825561        7.05497960074668        9.51808037210725     
   8.73783987035013       0.751301947199647     
 
 D =  1.249859921024788E-003  1.249847096607035E-003  9.999652291226922E-003
  9.999704128791967E-003  9.999732150572274E-003  9.999840347507141E-003
  9.999902521734419E-003 -9.999868356820362E-003 -5.925550070602612E-003
  9.999706171511536E-003 -6.569984450941347E-003  9.431894959085571E-003
  1.249713977231025E-003  1.249838187132392E-003   2.51151195766979     
  0.600000158304449     
 
 Objective function f =  1.170917294382656E-003   1.00000000000000     
 
 dfdD_i =  3.386616124313373E-002  2.256332481507332E-002
  1.465789456689104E-002  1.261888505808397E-002  1.089788158509612E-002
  9.358181135171447E-003  7.825476478995799E-003  1.381076723740097E-002
  1.438113835507920E-002  1.576597096305528E-002  1.762481448855044E-002
  1.966641662526432E-002  2.605014662943854E-002  3.520648377320932E-002
  3.307476351257888E-002  3.607831088565702E-003
 
 D =  1.249999437617248E-003  1.249998424517872E-003  9.999980624273871E-003
  9.999978043437420E-003  9.999989078933187E-003  9.999996912196286E-003
  1.000000081602133E-002 -1.000000003600133E-002 -5.790835740706787E-003
  9.999945346386100E-003 -7.200340277621943E-003  9.856557350902812E-003
  1.249991639245832E-003  1.249998349784987E-003   2.51284740432183     
  0.600000002855502     
 
 Objective function f =  0.600000527936573        1.00000000000000     
 
 dfdD_i =   9.19905613688968        6.19122767884384     
   3.96463247203217        3.41861040577317        3.00863997316079     
   2.67884539718747        2.36102025271342        3.41679523125938     
   3.79961136935791        4.19344042335738        4.64949339114014     
   5.19440786332340        7.05856409121081        9.52033115353365     
   8.73724551630926       0.750995500218738     
 
 D =  1.249999437617248E-003  1.249998424517872E-003  9.999980624273871E-003
  9.999978043437420E-003  9.999989078933187E-003  9.999996912196286E-003
  1.000000081602133E-002 -1.000000003600133E-002 -5.790835740706787E-003
  9.999945346386100E-003 -7.200340277621943E-003  9.856557350902812E-003
  1.249991639245832E-003  1.249998349784987E-003   2.51284740432183     
  0.600000002855502     
 
 Objective function f =  1.170907861024910E-003   1.00000000000000     
 
 dfdD_i =  3.386466902001789E-002  2.256226446052053E-002
  1.465725960402641E-002  1.261843517112917E-002  1.089767043395167E-002
  9.358271981834169E-003  7.825913546914651E-003  1.382165446199721E-002
  1.436972777619527E-002  1.574071565928964E-002  1.760088933910292E-002
  1.965803156104296E-002  2.607137195547150E-002  3.521258540672251E-002
  3.307171118866520E-002  3.607326663624998E-003
 
 D =  1.249999437617248E-003  1.249998424517872E-003  9.999980624273871E-003
  9.999978043437420E-003  9.999989078933187E-003  9.999996912196286E-003
  1.000000081602133E-002 -1.000000003600133E-002 -5.790835740706787E-003
  9.999945346386100E-003 -7.200340277621943E-003  9.856557350902812E-003
  1.249991639245832E-003  1.249998349784987E-003   2.51284740432183     
  0.600000002855502     
 
 Objective function f =  0.600000527936575        1.00000000000000     
 
 dfdD_i =   9.19905613688972        6.19122767884380     
   3.96463247203212        3.41861040577312        3.00863997316075     
   2.67884539718744        2.36102025271339        3.41679523125933     
   3.79961136935786        4.19344042335734        4.64949339114012     
   5.19440786332340        7.05856409121083        9.52033115353366     
   8.73724551630955       0.750995500218738     
 
 D =  1.249999437617248E-003  1.249998424517872E-003  9.999980624273871E-003
  9.999978043437420E-003  9.999989078933187E-003  9.999996912196286E-003
  1.000000081602133E-002 -1.000000003600133E-002 -5.790835740706787E-003
  9.999945346386100E-003 -7.200340277621943E-003  9.856557350902812E-003
  1.249991639245832E-003  1.249998349784987E-003   2.51284740432183     
  0.600000002855502     
 
 Objective function f =  1.170907861025053E-003   1.00000000000000     
 
 dfdD_i =  3.386466902001906E-002  2.256226446052113E-002
  1.465725960402710E-002  1.261843517113003E-002  1.089767043395271E-002
  9.358271981835265E-003  7.825913546915633E-003  1.382165446200043E-002
  1.436972777619765E-002  1.574071565929153E-002  1.760088933910478E-002
  1.965803156104498E-002  2.607137195547308E-002  3.521258540672320E-002
  3.307171118866437E-002  3.607326663624554E-003
 
 D =  1.249999495918009E-003  1.249998506693158E-003  9.999981214479094E-003
  9.999978689274013E-003  9.999989511744720E-003  9.999997159068691E-003
  1.000000097188753E-002 -9.999998998823407E-003 -5.716081589851599E-003
  9.999931750307615E-003 -7.443405790381423E-003  9.961488729276179E-003
  1.249994378342382E-003  1.249997797215413E-003   2.51481820309106     
  0.600000003089062     
 
 Objective function f =  0.600000123837802        1.00000000000000     
 
 dfdD_i =   9.19890233758806        6.19108248928655     
   3.96449532318887        3.41847055345164        3.00849220538103     
   2.67868509289481        2.36084449001099        3.41688635338330     
   3.79880005537619        4.19172395795919        4.64726931582432     
   5.19238696542088        7.05891101709574        9.52155387655559     
   8.73708425364677       0.750854420220574     
 
 D =  1.249999495918009E-003  1.249998506693158E-003  9.999981214479094E-003
  9.999978689274013E-003  9.999989511744720E-003  9.999997159068691E-003
  1.000000097188753E-002 -9.999998998823407E-003 -5.716081589851599E-003
  9.999931750307615E-003 -7.443405790381423E-003  9.961488729276179E-003
  1.249994378342382E-003  1.249997797215413E-003   2.51481820309106     
  0.600000003089062     
 
 Objective function f =  1.170905188188577E-003   1.00000000000000     
 
 dfdD_i =  3.386186818011972E-002  2.256040196041727E-002
  1.465620297128070E-002  1.261767215958942E-002  1.089724892822203E-002
  9.358262839381862E-003  7.826402550108632E-003  1.383675751989855E-002
  1.437236976764582E-002  1.573177079693321E-002  1.758665150157014E-002
  1.964595482121721E-002  2.607434157224879E-002  3.521538252831192E-002
  3.306674063815113E-002  3.606197975356433E-003
 
 D =  1.249999495918009E-003  1.249998506693158E-003  9.999981214479094E-003
  9.999978689274013E-003  9.999989511744720E-003  9.999997159068691E-003
  1.000000097188753E-002 -9.999998998823407E-003 -5.716081589851599E-003
  9.999931750307615E-003 -7.443405790381423E-003  9.961488729276179E-003
  1.249994378342382E-003  1.249997797215413E-003   2.51481820309106     
  0.600000003089062     
 
 Objective function f =  0.600000123837800        1.00000000000000     
 
 dfdD_i =   9.19890233758811        6.19108248928654     
   3.96449532318884        3.41847055345162        3.00849220538101     
   2.67868509289480        2.36084449001098        3.41688635338328     
   3.79880005537619        4.19172395795919        4.64726931582432     
   5.19238696542088        7.05891101709576        9.52155387655566     
   8.73708425364669       0.750854420220580     
 
 D =  1.249999495918009E-003  1.249998506693158E-003  9.999981214479094E-003
  9.999978689274013E-003  9.999989511744720E-003  9.999997159068691E-003
  1.000000097188753E-002 -9.999998998823407E-003 -5.716081589851599E-003
  9.999931750307615E-003 -7.443405790381423E-003  9.961488729276179E-003
  1.249994378342382E-003  1.249997797215413E-003   2.51481820309106     
  0.600000003089062     
 
 Objective function f =  1.170905188188514E-003   1.00000000000000     
 
 dfdD_i =  3.386186818011955E-002  2.256040196041710E-002
  1.465620297128099E-002  1.261767215958986E-002  1.089724892822273E-002
  9.358262839382956E-003  7.826402550110256E-003  1.383675751990012E-002
  1.437236976764661E-002  1.573177079693339E-002  1.758665150157021E-002
  1.964595482121762E-002  2.607434157224899E-002  3.521538252831154E-002
  3.306674063814674E-002  3.606197975356046E-003
 
 D =  1.249999480419805E-003  1.249998494472721E-003  9.999981173048376E-003
  9.999978645848357E-003  9.999989495168152E-003  9.999997152666147E-003
  1.000000096804276E-002 -9.999999025469988E-003 -5.707379085401097E-003
  9.999933010436031E-003 -7.480662595402249E-003  9.988911960928234E-003
  1.249994344475524E-003  1.249997778776327E-003   2.51480217549776     
  0.600000003087809     
 
 Objective function f =  0.599999994289488        1.00000000000000     
 
 dfdD_i =   9.19891613443063        6.19109066888067     
   3.96449884309292        3.41847240782053        3.00849229517539     
   2.67868329905418        2.36084069509152        3.41679123322501     
   3.79863707080171        4.19153908965030        4.64713101608210     
   5.19237110767372        7.05916923877561        9.52168322973496     
   8.73710340701692       0.750853629413189     
 
 D =  1.249999480419805E-003  1.249998494472721E-003  9.999981173048376E-003
  9.999978645848357E-003  9.999989495168152E-003  9.999997152666147E-003
  1.000000096804276E-002 -9.999999025469988E-003 -5.707379085401097E-003
  9.999933010436031E-003 -7.480662595402249E-003  9.988911960928234E-003
  1.249994344475524E-003  1.249997778776327E-003   2.51480217549776     
  0.600000003087809     
 
 Objective function f =  1.170904582931844E-003   1.00000000000000     
 
 dfdD_i =  3.386031902514493E-002  2.255945932492472E-002
  1.465579212384274E-002  1.261745306118124E-002  1.089723093126829E-002
  9.358460802732569E-003  7.826832029671453E-003  1.384124521940024E-002
  1.437523510669937E-002  1.573225975032272E-002  1.758600316163640E-002
  1.964560621535078E-002  2.607471831351267E-002  3.521406070159822E-002
  3.306351252311512E-002  3.605479100399073E-003
 
 D =  1.249999480419805E-003  1.249998494472721E-003  9.999981173048376E-003
  9.999978645848357E-003  9.999989495168152E-003  9.999997152666147E-003
  1.000000096804276E-002 -9.999999025469988E-003 -5.707379085401097E-003
  9.999933010436031E-003 -7.480662595402249E-003  9.988911960928234E-003
  1.249994344475524E-003  1.249997778776327E-003   2.51480217549776     
  0.600000003087809     
 
 Objective function f =  0.599999994289490        1.00000000000000     
 
 dfdD_i =   9.19891613443053        6.19109066888063     
   3.96449884309293        3.41847240782056        3.00849229517544     
   2.67868329905424        2.36084069509158        3.41679123322503     
   3.79863707080173        4.19153908965031        4.64713101608211     
   5.19237110767373        7.05916923877566        9.52168322973502     
   8.73710340701697       0.750853629413177     
 
 D =  1.249999480419805E-003  1.249998494472721E-003  9.999981173048376E-003
  9.999978645848357E-003  9.999989495168152E-003  9.999997152666147E-003
  1.000000096804276E-002 -9.999999025469988E-003 -5.707379085401097E-003
  9.999933010436031E-003 -7.480662595402249E-003  9.988911960928234E-003
  1.249994344475524E-003  1.249997778776327E-003   2.51480217549776     
  0.600000003087809     
 
 Objective function f =  1.170904582931923E-003   1.00000000000000     
 
 dfdD_i =  3.386031902514581E-002  2.255945932492509E-002
  1.465579212384353E-002  1.261745306118228E-002  1.089723093126957E-002
  9.358460802734097E-003  7.826832029673202E-003  1.384124521940237E-002
  1.437523510670238E-002  1.573225975032594E-002  1.758600316163917E-002
  1.964560621535289E-002  2.607471831351410E-002  3.521406070159817E-002
  3.306351252311041E-002  3.605479100398871E-003
