 >> Number of Processors =   1
 Calc con  0.000000000000000E+000  0.000000000000000E+000
  0.000000000000000E+000  0.000000000000000E+000  0.000000000000000E+000
  0.000000000000000E+000  0.000000000000000E+000  0.000000000000000E+000
  0.000000000000000E+000  0.000000000000000E+000  0.000000000000000E+000
  0.000000000000000E+000  0.000000000000000E+000  0.000000000000000E+000
  3.490658503988659E-002  0.650000000000000     
 Design variables:  0.000000000000000E+000  0.000000000000000E+000
  0.000000000000000E+000  0.000000000000000E+000  0.000000000000000E+000
  0.000000000000000E+000  0.000000000000000E+000  0.000000000000000E+000
  0.000000000000000E+000  0.000000000000000E+000  0.000000000000000E+000
  0.000000000000000E+000  0.000000000000000E+000  0.000000000000000E+000
  3.490658503988659E-002  0.650000000000000     
 Constraint value, mean lift and its standard deviation:  0.265230796840630     
  0.334769203159370       0.000000000000000E+000
 Calc obj  0.000000000000000E+000  0.000000000000000E+000
  0.000000000000000E+000  0.000000000000000E+000  0.000000000000000E+000
  0.000000000000000E+000  0.000000000000000E+000  0.000000000000000E+000
  0.000000000000000E+000  0.000000000000000E+000  0.000000000000000E+000
  0.000000000000000E+000  0.000000000000000E+000  0.000000000000000E+000
  3.490658503988659E-002  0.650000000000000     
 Design variables:  0.000000000000000E+000  0.000000000000000E+000
  0.000000000000000E+000  0.000000000000000E+000  0.000000000000000E+000
  0.000000000000000E+000  0.000000000000000E+000  0.000000000000000E+000
  0.000000000000000E+000  0.000000000000000E+000  0.000000000000000E+000
  0.000000000000000E+000  0.000000000000000E+000  0.000000000000000E+000
  3.490658503988659E-002  0.650000000000000     
 Mean drag value and variance:  4.721331901279525E-004  0.000000000000000E+000
 
 iter    objective      ||grad||        inf_pr          inf_du         lg(mu)
    0  0.4721332E-03  0.0000000E+00  0.2752308E+00  0.9961509E+00  0.1000000E+01
 Calc con  6.540230675330485E-004  4.648308214990566E-004
  2.626241743809102E-003  2.334212614346345E-003  2.083254546425791E-003
  1.849233020486046E-003  1.599209247114665E-003  2.056480186545134E-003
  2.239462396518086E-003  2.394025281085821E-003  2.571370285975084E-003
  2.809937757450808E-003  4.783633108623560E-004  6.589836585578544E-004
  5.261918331616587E-002  0.663256433568011     
 Design variables:  6.540230675330485E-004  4.648308214990566E-004
  2.626241743809102E-003  2.334212614346345E-003  2.083254546425791E-003
  1.849233020486046E-003  1.599209247114665E-003  2.056480186545134E-003
  2.239462396518086E-003  2.394025281085821E-003  2.571370285975084E-003
  2.809937757450808E-003  4.783633108623560E-004  6.589836585578544E-004
  5.261918331616587E-002  0.663256433568011     
 Constraint value, mean lift and its standard deviation: -4.543733921656024E-002
  0.645437339216560       0.000000000000000E+000
 Calc obj  6.540230675330485E-004  4.648308214990566E-004
  2.626241743809102E-003  2.334212614346345E-003  2.083254546425791E-003
  1.849233020486046E-003  1.599209247114665E-003  2.056480186545134E-003
  2.239462396518086E-003  2.394025281085821E-003  2.571370285975084E-003
  2.809937757450808E-003  4.783633108623560E-004  6.589836585578544E-004
  5.261918331616587E-002  0.663256433568011     
 Design variables:  6.540230675330485E-004  4.648308214990566E-004
  2.626241743809102E-003  2.334212614346345E-003  2.083254546425791E-003
  1.849233020486046E-003  1.599209247114665E-003  2.056480186545134E-003
  2.239462396518086E-003  2.394025281085821E-003  2.571370285975084E-003
  2.809937757450808E-003  4.783633108623560E-004  6.589836585578544E-004
  5.261918331616587E-002  0.663256433568011     
 Mean drag value and variance:  2.875098164918021E-003  0.000000000000000E+000
    1  0.2875098E-02  0.2461699E-01  0.1082036E-01  0.4478345E+00  0.2569640E-01
 Calc con  6.116311065635897E-004  4.351304415289297E-004
  2.611560368104904E-003  2.331818874746561E-003  2.092018657254568E-003
  1.867777256150558E-003  1.625873377556504E-003  1.570308790426985E-003
  2.116974180588074E-003  2.620955037106391E-003  2.903806820623311E-003
  3.007608187378700E-003  4.479561495788170E-004  6.163057922411838E-004
  5.245050430057618E-002  0.658687201487709     
 Design variables:  6.116311065635897E-004  4.351304415289297E-004
  2.611560368104904E-003  2.331818874746561E-003  2.092018657254568E-003
  1.867777256150558E-003  1.625873377556504E-003  1.570308790426985E-003
  2.116974180588074E-003  2.620955037106391E-003  2.903806820623311E-003
  3.007608187378700E-003  4.479561495788170E-004  6.163057922411838E-004
  5.245050430057618E-002  0.658687201487709     
 Constraint value, mean lift and its standard deviation: -4.002168386609706E-002
  0.640021683866097       0.000000000000000E+000
 Calc obj  6.116311065635897E-004  4.351304415289297E-004
  2.611560368104904E-003  2.331818874746561E-003  2.092018657254568E-003
  1.867777256150558E-003  1.625873377556504E-003  1.570308790426985E-003
  2.116974180588074E-003  2.620955037106391E-003  2.903806820623311E-003
  3.007608187378700E-003  4.479561495788170E-004  6.163057922411838E-004
  5.245050430057618E-002  0.658687201487709     
 Design variables:  6.116311065635897E-004  4.351304415289297E-004
  2.611560368104904E-003  2.331818874746561E-003  2.092018657254568E-003
  1.867777256150558E-003  1.625873377556504E-003  1.570308790426985E-003
  2.116974180588074E-003  2.620955037106391E-003  2.903806820623311E-003
  3.007608187378700E-003  4.479561495788170E-004  6.163057922411838E-004
  5.245050430057618E-002  0.658687201487709     
 Mean drag value and variance:  2.153841646683231E-003  0.000000000000000E+000
    2  0.2153842E-02  0.7043367E-02  0.1638660E-02  0.6673099E-01  0.1836470E-02
 Calc con  5.648635032775872E-004  4.018901252227802E-004
  2.602049360799005E-003  2.344055212033915E-003  2.126970818971789E-003
  1.924425579699299E-003  1.701340855232545E-003  8.417209820193269E-004
  2.933112697843667E-003  3.743139449993594E-003  3.507650561890068E-003
  3.041900295751648E-003  4.145136647409149E-004  5.702104803651521E-004
  5.192497876374023E-002  0.651405092001690     
 Design variables:  5.648635032775872E-004  4.018901252227802E-004
  2.602049360799005E-003  2.344055212033915E-003  2.126970818971789E-003
  1.924425579699299E-003  1.701340855232545E-003  8.417209820193269E-004
  2.933112697843667E-003  3.743139449993594E-003  3.507650561890068E-003
  3.041900295751648E-003  4.145136647409149E-004  5.702104803651521E-004
  5.192497876374023E-002  0.651405092001690     
 Constraint value, mean lift and its standard deviation: -3.641872880491159E-002
  0.636418728804912       0.000000000000000E+000
 Calc obj  5.648635032775872E-004  4.018901252227802E-004
  2.602049360799005E-003  2.344055212033915E-003  2.126970818971789E-003
  1.924425579699299E-003  1.701340855232545E-003  8.417209820193269E-004
  2.933112697843667E-003  3.743139449993594E-003  3.507650561890068E-003
  3.041900295751648E-003  4.145136647409149E-004  5.702104803651521E-004
  5.192497876374023E-002  0.651405092001690     
 Design variables:  5.648635032775872E-004  4.018901252227802E-004
  2.602049360799005E-003  2.344055212033915E-003  2.126970818971789E-003
  1.924425579699299E-003  1.701340855232545E-003  8.417209820193269E-004
  2.933112697843667E-003  3.743139449993594E-003  3.507650561890068E-003
  3.041900295751648E-003  4.145136647409149E-004  5.702104803651521E-004
  5.192497876374023E-002  0.651405092001690     
 Mean drag value and variance:  1.555986621359115E-003  0.000000000000000E+000
    3  0.1555987E-02  0.7282109E-02  0.1376783E-02  0.5058655E-01  0.1602109E-03
 Calc con  5.225749845504660E-004  3.718464670521649E-004
  2.513828345886052E-003  2.278979986035227E-003  2.087041776600060E-003
  1.908508051498611E-003  1.706369144280320E-003  2.110131083021627E-004
  2.847122993018518E-003  3.824778413060035E-003  3.385782043624139E-003
  2.605204500093428E-003  3.824368632511322E-004  5.274405661580229E-004
  5.142203503457548E-002  0.648221301876761     
 Design variables:  5.225749845504660E-004  3.718464670521649E-004
  2.513828345886052E-003  2.278979986035227E-003  2.087041776600060E-003
  1.908508051498611E-003  1.706369144280320E-003  2.110131083021627E-004
  2.847122993018518E-003  3.824778413060035E-003  3.385782043624139E-003
  2.605204500093428E-003  3.824368632511322E-004  5.274405661580229E-004
  5.142203503457548E-002  0.648221301876761     
 Constraint value, mean lift and its standard deviation: -1.909974124385017E-002
  0.619099741243850       0.000000000000000E+000
 Calc obj  5.225749845504660E-004  3.718464670521649E-004
  2.513828345886052E-003  2.278979986035227E-003  2.087041776600060E-003
  1.908508051498611E-003  1.706369144280320E-003  2.110131083021627E-004
  2.847122993018518E-003  3.824778413060035E-003  3.385782043624139E-003
  2.605204500093428E-003  3.824368632511322E-004  5.274405661580229E-004
  5.142203503457548E-002  0.648221301876761     
 Design variables:  5.225749845504660E-004  3.718464670521649E-004
  2.513828345886052E-003  2.278979986035227E-003  2.087041776600060E-003
  1.908508051498611E-003  1.706369144280320E-003  2.110131083021627E-004
  2.847122993018518E-003  3.824778413060035E-003  3.385782043624139E-003
  2.605204500093428E-003  3.824368632511322E-004  5.274405661580229E-004
  5.142203503457548E-002  0.648221301876761     
 Mean drag value and variance:  1.386771871579541E-003  0.000000000000000E+000
    4  0.1386772E-02  0.1870331E-01  0.7540985E-05  0.2999768E-01  0.1259144E-04
 Calc con  4.980824435251365E-004  3.610766908686554E-004
  2.428288390555365E-003  2.241666028731863E-003  2.105390757190206E-003
  1.980651279738125E-003  1.823444514212380E-003 -1.802873660040695E-004
  3.105376980887050E-003  3.964348724504962E-003  2.959587756365421E-003
  1.910336707537357E-003  3.751991660220196E-004  5.017781223982700E-004
  5.046915927351308E-002  0.646024182482603     
 Design variables:  4.980824435251365E-004  3.610766908686554E-004
  2.428288390555365E-003  2.241666028731863E-003  2.105390757190206E-003
  1.980651279738125E-003  1.823444514212380E-003 -1.802873660040695E-004
  3.105376980887050E-003  3.964348724504962E-003  2.959587756365421E-003
  1.910336707537357E-003  3.751991660220196E-004  5.017781223982700E-004
  5.046915927351308E-002  0.646024182482603     
 Constraint value, mean lift and its standard deviation: -2.316853820274467E-004
  0.600231685382027       0.000000000000000E+000
 Calc obj  4.980824435251365E-004  3.610766908686554E-004
  2.428288390555365E-003  2.241666028731863E-003  2.105390757190206E-003
  1.980651279738125E-003  1.823444514212380E-003 -1.802873660040695E-004
  3.105376980887050E-003  3.964348724504962E-003  2.959587756365421E-003
  1.910336707537357E-003  3.751991660220196E-004  5.017781223982700E-004
  5.046915927351308E-002  0.646024182482603     
 Design variables:  4.980824435251365E-004  3.610766908686554E-004
  2.428288390555365E-003  2.241666028731863E-003  2.105390757190206E-003
  1.980651279738125E-003  1.823444514212380E-003 -1.802873660040695E-004
  3.105376980887050E-003  3.964348724504962E-003  2.959587756365421E-003
  1.910336707537357E-003  3.751991660220196E-004  5.017781223982700E-004
  5.046915927351308E-002  0.646024182482603     
 Mean drag value and variance:  1.283052555143923E-003  0.000000000000000E+000
    5  0.1283053E-02  0.1968421E-01  0.4077328E-04  0.1456422E-01  0.6248546E-06
 Calc con  6.707336156799255E-004  5.184187507168743E-004
  2.623549755263857E-003  2.519588577978462E-003  2.496373521733348E-003
  2.485984834173184E-003  2.419719833822939E-003 -9.856859563767964E-004
  3.177364261607641E-003  4.126814236304153E-003  2.686114408537443E-003
  1.494332815869059E-003  5.907263142928700E-004  6.647610167597473E-004
  5.002749431616277E-002  0.644043391048653     
 Design variables:  6.707336156799255E-004  5.184187507168743E-004
  2.623549755263857E-003  2.519588577978462E-003  2.496373521733348E-003
  2.485984834173184E-003  2.419719833822939E-003 -9.856859563767964E-004
  3.177364261607641E-003  4.126814236304153E-003  2.686114408537443E-003
  1.494332815869059E-003  5.907263142928700E-004  6.647610167597473E-004
  5.002749431616277E-002  0.644043391048653     
 Constraint value, mean lift and its standard deviation: -5.998123648853770E-005
  0.600059981236489       0.000000000000000E+000
 Calc obj  6.707336156799255E-004  5.184187507168743E-004
  2.623549755263857E-003  2.519588577978462E-003  2.496373521733348E-003
  2.485984834173184E-003  2.419719833822939E-003 -9.856859563767964E-004
  3.177364261607641E-003  4.126814236304153E-003  2.686114408537443E-003
  1.494332815869059E-003  5.907263142928700E-004  6.647610167597473E-004
  5.002749431616277E-002  0.644043391048653     
 Design variables:  6.707336156799255E-004  5.184187507168743E-004
  2.623549755263857E-003  2.519588577978462E-003  2.496373521733348E-003
  2.485984834173184E-003  2.419719833822939E-003 -9.856859563767964E-004
  3.177364261607641E-003  4.126814236304153E-003  2.686114408537443E-003
  1.494332815869059E-003  5.907263142928700E-004  6.647610167597473E-004
  5.002749431616277E-002  0.644043391048653     
 Mean drag value and variance:  1.266026828369649E-003  0.000000000000000E+000
    6  0.1266027E-02  0.1980791E-02  0.3292056E-04  0.6497584E-02  0.9963039E-07
 Calc con  1.179719856976234E-003  1.013400114293423E-003
  3.174537222145174E-003  3.245975273594711E-003  3.482030680338388E-003
  3.741910857956245E-003  3.892053780352146E-003 -2.850814749072594E-003
  2.404090294491011E-003  3.426368932125016E-003  1.661118130893761E-003
  7.968123293057972E-004  1.172319475519075E-003  1.150572755095966E-003
  4.926965686903158E-002  0.641812773523775     
 Design variables:  1.179719856976234E-003  1.013400114293423E-003
  3.174537222145174E-003  3.245975273594711E-003  3.482030680338388E-003
  3.741910857956245E-003  3.892053780352146E-003 -2.850814749072594E-003
  2.404090294491011E-003  3.426368932125016E-003  1.661118130893761E-003
  7.968123293057972E-004  1.172319475519075E-003  1.150572755095966E-003
  4.926965686903158E-002  0.641812773523775     
 Constraint value, mean lift and its standard deviation: -4.416772293407423E-004
  0.600441677229341       0.000000000000000E+000
 Calc obj  1.179719856976234E-003  1.013400114293423E-003
  3.174537222145174E-003  3.245975273594711E-003  3.482030680338388E-003
  3.741910857956245E-003  3.892053780352146E-003 -2.850814749072594E-003
  2.404090294491011E-003  3.426368932125016E-003  1.661118130893761E-003
  7.968123293057972E-004  1.172319475519075E-003  1.150572755095966E-003
  4.926965686903158E-002  0.641812773523775     
 Design variables:  1.179719856976234E-003  1.013400114293423E-003
  3.174537222145174E-003  3.245975273594711E-003  3.482030680338388E-003
  3.741910857956245E-003  3.892053780352146E-003 -2.850814749072594E-003
  2.404090294491011E-003  3.426368932125016E-003  1.661118130893761E-003
  7.968123293057972E-004  1.172319475519075E-003  1.150572755095966E-003
  4.926965686903158E-002  0.641812773523775     
 Mean drag value and variance:  1.250935003848853E-003  0.000000000000000E+000
    7  0.1250935E-02  0.2230618E-02  0.4377594E-03  0.3374717E-02  0.1615804E-07
 Calc con -1.241810348227935E-003 -5.861626066492069E-004
  6.133769805565495E-003  6.692395442928689E-003  7.791761479834467E-003
  9.020848250277770E-003  9.976373526283625E-003 -5.953202342519391E-003
  4.251768001135146E-003  3.716042194234489E-003  6.739590179406763E-005
  7.939412303993593E-004 -1.051173737194604E-003 -1.223181093790762E-003
  5.072494569564412E-002  0.638475366916453     
 Design variables: -1.241810348227935E-003 -5.861626066492069E-004
  6.133769805565495E-003  6.692395442928689E-003  7.791761479834467E-003
  9.020848250277770E-003  9.976373526283625E-003 -5.953202342519391E-003
  4.251768001135146E-003  3.716042194234489E-003  6.739590179406763E-005
  7.939412303993593E-004 -1.051173737194604E-003 -1.223181093790762E-003
  5.072494569564412E-002  0.638475366916453     
 Constraint value, mean lift and its standard deviation:  2.262635015102266E-003
  0.597737364984898       0.000000000000000E+000
 Calc obj -1.241810348227935E-003 -5.861626066492069E-004
  6.133769805565495E-003  6.692395442928689E-003  7.791761479834467E-003
  9.020848250277770E-003  9.976373526283625E-003 -5.953202342519391E-003
  4.251768001135146E-003  3.716042194234489E-003  6.739590179406763E-005
  7.939412303993593E-004 -1.051173737194604E-003 -1.223181093790762E-003
  5.072494569564412E-002  0.638475366916453     
 Design variables: -1.241810348227935E-003 -5.861626066492069E-004
  6.133769805565495E-003  6.692395442928689E-003  7.791761479834467E-003
  9.020848250277770E-003  9.976373526283625E-003 -5.953202342519391E-003
  4.251768001135146E-003  3.716042194234489E-003  6.739590179406763E-005
  7.939412303993593E-004 -1.051173737194604E-003 -1.223181093790762E-003
  5.072494569564412E-002  0.638475366916453     
 Mean drag value and variance:  1.219358139862993E-003  0.000000000000000E+000
    8  0.1219358E-02  0.8396515E-02  0.2464643E-02  0.2139431E-02  0.1067601E-05
 Calc con  3.676397191704124E-004  1.472216020850801E-004
  8.597554503405578E-003  8.742889024558715E-003  9.805068538462308E-003
  9.983603357906724E-003  6.226702675508782E-003 -9.702299144855490E-003
  5.671173286524140E-003  1.990605477798902E-003 -3.608511654494137E-003
  8.173784588676261E-004  5.402925509798520E-005  3.083407567864207E-004
  4.894491494153975E-002  0.631467758253071     
 Design variables:  3.676397191704124E-004  1.472216020850801E-004
  8.597554503405578E-003  8.742889024558715E-003  9.805068538462308E-003
  9.983603357906724E-003  6.226702675508782E-003 -9.702299144855490E-003
  5.671173286524140E-003  1.990605477798902E-003 -3.608511654494137E-003
  8.173784588676261E-004  5.402925509798520E-005  3.083407567864207E-004
  4.894491494153975E-002  0.631467758253071     
 Constraint value, mean lift and its standard deviation: -1.060248572638645E-003
  0.601060248572639       0.000000000000000E+000
 Calc obj  3.676397191704124E-004  1.472216020850801E-004
  8.597554503405578E-003  8.742889024558715E-003  9.805068538462308E-003
  9.983603357906724E-003  6.226702675508782E-003 -9.702299144855490E-003
  5.671173286524140E-003  1.990605477798902E-003 -3.608511654494137E-003
  8.173784588676261E-004  5.402925509798520E-005  3.083407567864207E-004
  4.894491494153975E-002  0.631467758253071     
 Design variables:  3.676397191704124E-004  1.472216020850801E-004
  8.597554503405578E-003  8.742889024558715E-003  9.805068538462308E-003
  9.983603357906724E-003  6.226702675508782E-003 -9.702299144855490E-003
  5.671173286524140E-003  1.990605477798902E-003 -3.608511654494137E-003
  8.173784588676261E-004  5.402925509798520E-005  3.083407567864207E-004
  4.894491494153975E-002  0.631467758253071     
 Mean drag value and variance:  1.215035190126503E-003  0.000000000000000E+000
    9  0.1215035E-02  0.7007609E-02  0.8701329E-03  0.1176213E-02  0.7319807E-06
 Calc con  7.445811116349604E-004  7.576205597932596E-004
  9.694610148110606E-003  9.278138117029535E-003  9.071811528910401E-003
  9.443628439341949E-003  7.772576447541674E-003 -8.923277717469950E-003
  5.891421291258309E-003 -1.273019438464752E-003 -5.855248157090398E-003
  6.149690899188203E-003  4.650954230118276E-004  6.216117193415358E-004
  4.792524827999494E-002  0.612114042259410     
 Design variables:  7.445811116349604E-004  7.576205597932596E-004
  9.694610148110606E-003  9.278138117029535E-003  9.071811528910401E-003
  9.443628439341949E-003  7.772576447541674E-003 -8.923277717469950E-003
  5.891421291258309E-003 -1.273019438464752E-003 -5.855248157090398E-003
  6.149690899188203E-003  4.650954230118276E-004  6.216117193415358E-004
  4.792524827999494E-002  0.612114042259410     
 Constraint value, mean lift and its standard deviation: -1.307753395500710E-003
  0.601307753395501       0.000000000000000E+000
 Calc obj  7.445811116349604E-004  7.576205597932596E-004
  9.694610148110606E-003  9.278138117029535E-003  9.071811528910401E-003
  9.443628439341949E-003  7.772576447541674E-003 -8.923277717469950E-003
  5.891421291258309E-003 -1.273019438464752E-003 -5.855248157090398E-003
  6.149690899188203E-003  4.650954230118276E-004  6.216117193415358E-004
  4.792524827999494E-002  0.612114042259410     
 Design variables:  7.445811116349604E-004  7.576205597932596E-004
  9.694610148110606E-003  9.278138117029535E-003  9.071811528910401E-003
  9.443628439341949E-003  7.772576447541674E-003 -8.923277717469950E-003
  5.891421291258309E-003 -1.273019438464752E-003 -5.855248157090398E-003
  6.149690899188203E-003  4.650954230118276E-004  6.216117193415358E-004
  4.792524827999494E-002  0.612114042259410     
 Mean drag value and variance:  1.198099124061302E-003  0.000000000000000E+000
   10  0.1198099E-02  0.1935372E-01  0.1175430E-02  0.1395318E-02  0.5147256E-06
 Calc con -8.340956835159547E-004 -1.247208716251290E-003
  3.153495795022393E-003  2.749069252637298E-003  4.945656121494694E-003
  6.020312128253828E-003  6.033410563956205E-003 -4.482537957156038E-003
 -1.701786890218682E-004  5.744418330318947E-003  8.149418800257014E-003
 -6.733031732682713E-003 -1.059669563185601E-003 -1.083180999678625E-003
  6.119230527632327E-002  0.600809407926253     
 Design variables: -8.340956835159547E-004 -1.247208716251290E-003
  3.153495795022393E-003  2.749069252637298E-003  4.945656121494694E-003
  6.020312128253828E-003  6.033410563956205E-003 -4.482537957156038E-003
 -1.701786890218682E-004  5.744418330318947E-003  8.149418800257014E-003
 -6.733031732682713E-003 -1.059669563185601E-003 -1.083180999678625E-003
  6.119230527632327E-002  0.600809407926253     
 Constraint value, mean lift and its standard deviation: -1.627280718361046E-003
  0.601627280718361       0.000000000000000E+000
 Calc obj -8.340956835159547E-004 -1.247208716251290E-003
  3.153495795022393E-003  2.749069252637298E-003  4.945656121494694E-003
  6.020312128253828E-003  6.033410563956205E-003 -4.482537957156038E-003
 -1.701786890218682E-004  5.744418330318947E-003  8.149418800257014E-003
 -6.733031732682713E-003 -1.059669563185601E-003 -1.083180999678625E-003
  6.119230527632327E-002  0.600809407926253     
 Design variables: -8.340956835159547E-004 -1.247208716251290E-003
  3.153495795022393E-003  2.749069252637298E-003  4.945656121494694E-003
  6.020312128253828E-003  6.033410563956205E-003 -4.482537957156038E-003
 -1.701786890218682E-004  5.744418330318947E-003  8.149418800257014E-003
 -6.733031732682713E-003 -1.059669563185601E-003 -1.083180999678625E-003
  6.119230527632327E-002  0.600809407926253     
 Mean drag value and variance:  1.221998463022915E-003  0.000000000000000E+000
   11  0.1221998E-02  0.2549721E-01  0.5050988E-03  0.2535733E-02  0.7510379E-05
 Calc con -4.626825810802173E-004 -8.294094776822476E-004
  5.135583748666228E-003  4.881082140447903E-003  6.642298809011273E-003
  7.578596157116098E-003  7.732052054000230E-003 -7.710594575940941E-003
  1.379003132853549E-003  3.912152172642908E-003  5.028740326556485E-003
 -3.974951404206636E-003 -7.134934041880690E-004 -7.058088470391671E-004
  5.783808022554481E-002  0.602359342867714     
 Design variables: -4.626825810802173E-004 -8.294094776822476E-004
  5.135583748666228E-003  4.881082140447903E-003  6.642298809011273E-003
  7.578596157116098E-003  7.732052054000230E-003 -7.710594575940941E-003
  1.379003132853549E-003  3.912152172642908E-003  5.028740326556485E-003
 -3.974951404206636E-003 -7.134934041880690E-004 -7.058088470391671E-004
  5.783808022554481E-002  0.602359342867714     
 Constraint value, mean lift and its standard deviation: -4.360674322168023E-004
  0.600436067432217       0.000000000000000E+000
 Calc obj -4.626825810802173E-004 -8.294094776822476E-004
  5.135583748666228E-003  4.881082140447903E-003  6.642298809011273E-003
  7.578596157116098E-003  7.732052054000230E-003 -7.710594575940941E-003
  1.379003132853549E-003  3.912152172642908E-003  5.028740326556485E-003
 -3.974951404206636E-003 -7.134934041880690E-004 -7.058088470391671E-004
  5.783808022554481E-002  0.602359342867714     
 Design variables: -4.626825810802173E-004 -8.294094776822476E-004
  5.135583748666228E-003  4.881082140447903E-003  6.642298809011273E-003
  7.578596157116098E-003  7.732052054000230E-003 -7.710594575940941E-003
  1.379003132853549E-003  3.912152172642908E-003  5.028740326556485E-003
 -3.974951404206636E-003 -7.134934041880690E-004 -7.058088470391671E-004
  5.783808022554481E-002  0.602359342867714     
 Mean drag value and variance:  1.201596235500007E-003  0.000000000000000E+000
   12  0.1201596E-02  0.3354225E-02  0.1491137E-04  0.5578979E-03  0.1652787E-05
 Calc con  4.353670728946227E-004  3.113355375257594E-004
  8.234825863152422E-003  8.168421932843378E-003  8.697320581986193E-003
  9.157204554396456E-003  9.474054880604184E-003 -9.615092851461353E-003
  2.785549163724188E-003  4.631600365377722E-004 -8.735502363173501E-004
  3.124194002858114E-003  1.748390925927010E-004  2.367420699535389E-004
  5.095336767631091E-002  0.600882729822455     
 Design variables:  4.353670728946227E-004  3.113355375257594E-004
  8.234825863152422E-003  8.168421932843378E-003  8.697320581986193E-003
  9.157204554396456E-003  9.474054880604184E-003 -9.615092851461353E-003
  2.785549163724188E-003  4.631600365377722E-004 -8.735502363173501E-004
  3.124194002858114E-003  1.748390925927010E-004  2.367420699535389E-004
  5.095336767631091E-002  0.600882729822455     
 Constraint value, mean lift and its standard deviation: -4.943036598916706E-004
  0.600494303659892       0.000000000000000E+000
 Calc obj  4.353670728946227E-004  3.113355375257594E-004
  8.234825863152422E-003  8.168421932843378E-003  8.697320581986193E-003
  9.157204554396456E-003  9.474054880604184E-003 -9.615092851461353E-003
  2.785549163724188E-003  4.631600365377722E-004 -8.735502363173501E-004
  3.124194002858114E-003  1.748390925927010E-004  2.367420699535389E-004
  5.095336767631091E-002  0.600882729822455     
 Design variables:  4.353670728946227E-004  3.113355375257594E-004
  8.234825863152422E-003  8.168421932843378E-003  8.697320581986193E-003
  9.157204554396456E-003  9.474054880604184E-003 -9.615092851461353E-003
  2.785549163724188E-003  4.631600365377722E-004 -8.735502363173501E-004
  3.124194002858114E-003  1.748390925927010E-004  2.367420699535389E-004
  5.095336767631091E-002  0.600882729822455     
 Mean drag value and variance:  1.183771620204827E-003  0.000000000000000E+000
   13  0.1183772E-02  0.7099145E-02  0.3105502E-03  0.1177404E-02  0.6875313E-06
 Calc con  9.011981984648840E-004  8.645561176927802E-004
  9.098154027410963E-003  9.044978608963222E-003  9.388757452818284E-003
  9.615135066777924E-003  9.731073855398294E-003 -9.979518591683612E-003
  1.204115827341427E-003  1.139250325420139E-003 -2.193624371387382E-003
  4.410632840279868E-003  7.038244346540874E-004  8.377233425918579E-004
  4.829135996184408E-002  0.600322617809169     
 Design variables:  9.011981984648840E-004  8.645561176927802E-004
  9.098154027410963E-003  9.044978608963222E-003  9.388757452818284E-003
  9.615135066777924E-003  9.731073855398294E-003 -9.979518591683612E-003
  1.204115827341427E-003  1.139250325420139E-003 -2.193624371387382E-003
  4.410632840279868E-003  7.038244346540874E-004  8.377233425918579E-004
  4.829135996184408E-002  0.600322617809169     
 Constraint value, mean lift and its standard deviation: -1.418010896411248E-004
  0.600141801089641       0.000000000000000E+000
 Calc obj  9.011981984648840E-004  8.645561176927802E-004
  9.098154027410963E-003  9.044978608963222E-003  9.388757452818284E-003
  9.615135066777924E-003  9.731073855398294E-003 -9.979518591683612E-003
  1.204115827341427E-003  1.139250325420139E-003 -2.193624371387382E-003
  4.410632840279868E-003  7.038244346540874E-004  8.377233425918579E-004
  4.829135996184408E-002  0.600322617809169     
 Design variables:  9.011981984648840E-004  8.645561176927802E-004
  9.098154027410963E-003  9.044978608963222E-003  9.388757452818284E-003
  9.615135066777924E-003  9.731073855398294E-003 -9.979518591683612E-003
  1.204115827341427E-003  1.139250325420139E-003 -2.193624371387382E-003
  4.410632840279868E-003  7.038244346540874E-004  8.377233425918579E-004
  4.829135996184408E-002  0.600322617809169     
 Mean drag value and variance:  1.177114341626102E-003  0.000000000000000E+000
   14  0.1177114E-02  0.2662008E-02  0.8042022E-04  0.2583814E-03  0.2293657E-06
 Calc con  1.169949689762011E-003  1.171777321017079E-003
  9.901042319211229E-003  9.889522452286683E-003  9.915159563126122E-003
  9.946523249109336E-003  9.972205329966764E-003 -9.950626351355199E-003
 -1.661630576161079E-003  3.212160706321944E-003 -4.009703675632968E-003
  7.529891872882804E-003  1.115136521512067E-003  1.125548330678675E-003
  4.551317637204184E-002  0.600045748135353     
 Design variables:  1.169949689762011E-003  1.171777321017079E-003
  9.901042319211229E-003  9.889522452286683E-003  9.915159563126122E-003
  9.946523249109336E-003  9.972205329966764E-003 -9.950626351355199E-003
 -1.661630576161079E-003  3.212160706321944E-003 -4.009703675632968E-003
  7.529891872882804E-003  1.115136521512067E-003  1.125548330678675E-003
  4.551317637204184E-002  0.600045748135353     
 Constraint value, mean lift and its standard deviation: -1.419692353196167E-004
  0.600141969235320       0.000000000000000E+000
 Calc obj  1.169949689762011E-003  1.171777321017079E-003
  9.901042319211229E-003  9.889522452286683E-003  9.915159563126122E-003
  9.946523249109336E-003  9.972205329966764E-003 -9.950626351355199E-003
 -1.661630576161079E-003  3.212160706321944E-003 -4.009703675632968E-003
  7.529891872882804E-003  1.115136521512067E-003  1.125548330678675E-003
  4.551317637204184E-002  0.600045748135353     
 Design variables:  1.169949689762011E-003  1.171777321017079E-003
  9.901042319211229E-003  9.889522452286683E-003  9.915159563126122E-003
  9.946523249109336E-003  9.972205329966764E-003 -9.950626351355199E-003
 -1.661630576161079E-003  3.212160706321944E-003 -4.009703675632968E-003
  7.529891872882804E-003  1.115136521512067E-003  1.125548330678675E-003
  4.551317637204184E-002  0.600045748135353     
 Mean drag value and variance:  1.173416920662097E-003  0.000000000000000E+000
   15  0.1173417E-02  0.3119259E-02  0.1275605E-03  0.6125038E-03  0.5460583E-07
 Calc con  1.237960240373633E-003  1.232058817738735E-003
  9.949974537989384E-003  9.945349525664548E-003  9.961119958780448E-003
  9.975158918329934E-003  9.982614688456813E-003 -9.971532267467062E-003
 -4.052556103356616E-003  6.587839117338815E-003 -5.968033921394241E-003
  9.698009865377603E-003  1.233063974658083E-003  1.249502690874855E-003
  4.427996207899744E-002  0.600025343220251     
 Design variables:  1.237960240373633E-003  1.232058817738735E-003
  9.949974537989384E-003  9.945349525664548E-003  9.961119958780448E-003
  9.975158918329934E-003  9.982614688456813E-003 -9.971532267467062E-003
 -4.052556103356616E-003  6.587839117338815E-003 -5.968033921394241E-003
  9.698009865377603E-003  1.233063974658083E-003  1.249502690874855E-003
  4.427996207899744E-002  0.600025343220251     
 Constraint value, mean lift and its standard deviation: -6.231679346546670E-005
  0.600062316793465       0.000000000000000E+000
 Calc obj  1.237960240373633E-003  1.232058817738735E-003
  9.949974537989384E-003  9.945349525664548E-003  9.961119958780448E-003
  9.975158918329934E-003  9.982614688456813E-003 -9.971532267467062E-003
 -4.052556103356616E-003  6.587839117338815E-003 -5.968033921394241E-003
  9.698009865377603E-003  1.233063974658083E-003  1.249502690874855E-003
  4.427996207899744E-002  0.600025343220251     
 Design variables:  1.237960240373633E-003  1.232058817738735E-003
  9.949974537989384E-003  9.945349525664548E-003  9.961119958780448E-003
  9.975158918329934E-003  9.982614688456813E-003 -9.971532267467062E-003
 -4.052556103356616E-003  6.587839117338815E-003 -5.968033921394241E-003
  9.698009865377603E-003  1.233063974658083E-003  1.249502690874855E-003
  4.427996207899744E-002  0.600025343220251     
 Mean drag value and variance:  1.171894211643811E-003  0.000000000000000E+000
   16  0.1171894E-02  0.3375678E-02  0.5705229E-04  0.5548033E-03  0.2008455E-07
 Calc con  1.106652257282616E-003  1.088821832571290E-003
  9.629670102134207E-003  9.604769763452998E-003  9.719832221140803E-003
  9.814883027247772E-003  9.867489411849704E-003 -9.803980024196234E-003
 -5.747501717792188E-003  9.767134717542444E-003 -4.822590795892793E-003
  7.533595570856595E-003  1.039384034762910E-003  1.082463987845132E-003
  4.510889750689777E-002  0.600192882921403     
 Design variables:  1.106652257282616E-003  1.088821832571290E-003
  9.629670102134207E-003  9.604769763452998E-003  9.719832221140803E-003
  9.814883027247772E-003  9.867489411849704E-003 -9.803980024196234E-003
 -5.747501717792188E-003  9.767134717542444E-003 -4.822590795892793E-003
  7.533595570856595E-003  1.039384034762910E-003  1.082463987845132E-003
  4.510889750689777E-002  0.600192882921403     
 Constraint value, mean lift and its standard deviation: -8.308968183678989E-005
  0.600083089681837       0.000000000000000E+000
 Calc obj  1.106652257282616E-003  1.088821832571290E-003
  9.629670102134207E-003  9.604769763452998E-003  9.719832221140803E-003
  9.814883027247772E-003  9.867489411849704E-003 -9.803980024196234E-003
 -5.747501717792188E-003  9.767134717542444E-003 -4.822590795892793E-003
  7.533595570856595E-003  1.039384034762910E-003  1.082463987845132E-003
  4.510889750689777E-002  0.600192882921403     
 Design variables:  1.106652257282616E-003  1.088821832571290E-003
  9.629670102134207E-003  9.604769763452998E-003  9.719832221140803E-003
  9.814883027247772E-003  9.867489411849704E-003 -9.803980024196234E-003
 -5.747501717792188E-003  9.767134717542444E-003 -4.822590795892793E-003
  7.533595570856595E-003  1.039384034762910E-003  1.082463987845132E-003
  4.510889750689777E-002  0.600192882921403     
 Mean drag value and variance:  1.172983587979316E-003  0.000000000000000E+000
   17  0.1172984E-02  0.3179296E-02  0.4266868E-04  0.5423843E-03  0.1531361E-06
 Calc con  1.224354771279166E-003  1.222004062711821E-003
  9.913102532562321E-003  9.899525326331147E-003  9.945670261459993E-003
  9.976132048992120E-003  9.988956095840554E-003 -9.975259227021470E-003
 -5.826089453221129E-003  9.985252733384565E-003 -5.506850335776858E-003
  8.162156663599159E-003  1.203353282570899E-003  1.219089586305759E-003
  4.420061021301608E-002  0.600012094809905     
 Design variables:  1.224354771279166E-003  1.222004062711821E-003
  9.913102532562321E-003  9.899525326331147E-003  9.945670261459993E-003
  9.976132048992120E-003  9.988956095840554E-003 -9.975259227021470E-003
 -5.826089453221129E-003  9.985252733384565E-003 -5.506850335776858E-003
  8.162156663599159E-003  1.203353282570899E-003  1.219089586305759E-003
  4.420061021301608E-002  0.600012094809905     
 Constraint value, mean lift and its standard deviation: -5.012464287079688E-006
  0.600005012464287       0.000000000000000E+000
 Calc obj  1.224354771279166E-003  1.222004062711821E-003
  9.913102532562321E-003  9.899525326331147E-003  9.945670261459993E-003
  9.976132048992120E-003  9.988956095840554E-003 -9.975259227021470E-003
 -5.826089453221129E-003  9.985252733384565E-003 -5.506850335776858E-003
  8.162156663599159E-003  1.203353282570899E-003  1.219089586305759E-003
  4.420061021301608E-002  0.600012094809905     
 Design variables:  1.224354771279166E-003  1.222004062711821E-003
  9.913102532562321E-003  9.899525326331147E-003  9.945670261459993E-003
  9.976132048992120E-003  9.988956095840554E-003 -9.975259227021470E-003
 -5.826089453221129E-003  9.985252733384565E-003 -5.506850335776858E-003
  8.162156663599159E-003  1.203353282570899E-003  1.219089586305759E-003
  4.420061021301608E-002  0.600012094809905     
 Mean drag value and variance:  1.171229573874506E-003  0.000000000000000E+000
   18  0.1171230E-02  0.9082873E-03  0.1904586E-05  0.2396563E-03  0.1182864E-07
 Calc con  1.245727466386687E-003  1.245600565930433E-003
  9.987173284897993E-003  9.984903647863735E-003  9.991877648300436E-003
  9.995285702372590E-003  9.996756462984235E-003 -9.999864617653243E-003
 -5.936984847538468E-003  9.968550556889343E-003 -6.066700945401280E-003
  8.939562484201521E-003  1.244163275289127E-003  1.245024742238857E-003
  4.391231108798617E-002  0.600004481670110     
 Design variables:  1.245727466386687E-003  1.245600565930433E-003
  9.987173284897993E-003  9.984903647863735E-003  9.991877648300436E-003
  9.995285702372590E-003  9.996756462984235E-003 -9.999864617653243E-003
 -5.936984847538468E-003  9.968550556889343E-003 -6.066700945401280E-003
  8.939562484201521E-003  1.244163275289127E-003  1.245024742238857E-003
  4.391231108798617E-002  0.600004481670110     
 Constraint value, mean lift and its standard deviation: -4.278415033587279E-006
  0.600004278415034       0.000000000000000E+000
 Calc obj  1.245727466386687E-003  1.245600565930433E-003
  9.987173284897993E-003  9.984903647863735E-003  9.991877648300436E-003
  9.995285702372590E-003  9.996756462984235E-003 -9.999864617653243E-003
 -5.936984847538468E-003  9.968550556889343E-003 -6.066700945401280E-003
  8.939562484201521E-003  1.244163275289127E-003  1.245024742238857E-003
  4.391231108798617E-002  0.600004481670110     
 Design variables:  1.245727466386687E-003  1.245600565930433E-003
  9.987173284897993E-003  9.984903647863735E-003  9.991877648300436E-003
  9.995285702372590E-003  9.996756462984235E-003 -9.999864617653243E-003
 -5.936984847538468E-003  9.968550556889343E-003 -6.066700945401280E-003
  8.939562484201521E-003  1.244163275289127E-003  1.245024742238857E-003
  4.391231108798617E-002  0.600004481670110     
 Mean drag value and variance:  1.170982985936315E-003  0.000000000000000E+000
   19  0.1170983E-02  0.7774058E-03  0.3398799E-05  0.1963891E-04  0.3362729E-08
 Calc con  1.249859921024788E-003  1.249847096607035E-003
  9.999652291226922E-003  9.999704128791967E-003  9.999732150572274E-003
  9.999840347507141E-003  9.999902521734419E-003 -9.999868356820362E-003
 -5.925550070602612E-003  9.999706171511536E-003 -6.569984450941347E-003
  9.431894959085571E-003  1.249713977231025E-003  1.249838187132392E-003
  4.383415286454635E-002  0.600000158304449     
 Design variables:  1.249859921024788E-003  1.249847096607035E-003
  9.999652291226922E-003  9.999704128791967E-003  9.999732150572274E-003
  9.999840347507141E-003  9.999902521734419E-003 -9.999868356820362E-003
 -5.925550070602612E-003  9.999706171511536E-003 -6.569984450941347E-003
  9.431894959085571E-003  1.249713977231025E-003  1.249838187132392E-003
  4.383415286454635E-002  0.600000158304449     
 Constraint value, mean lift and its standard deviation: -7.149715333110152E-007
  0.600000714971533       0.000000000000000E+000
 Calc obj  1.249859921024788E-003  1.249847096607035E-003
  9.999652291226922E-003  9.999704128791967E-003  9.999732150572274E-003
  9.999840347507141E-003  9.999902521734419E-003 -9.999868356820362E-003
 -5.925550070602612E-003  9.999706171511536E-003 -6.569984450941347E-003
  9.431894959085571E-003  1.249713977231025E-003  1.249838187132392E-003
  4.383415286454635E-002  0.600000158304449     
 Design variables:  1.249859921024788E-003  1.249847096607035E-003
  9.999652291226922E-003  9.999704128791967E-003  9.999732150572274E-003
  9.999840347507141E-003  9.999902521734419E-003 -9.999868356820362E-003
 -5.925550070602612E-003  9.999706171511536E-003 -6.569984450941347E-003
  9.431894959085571E-003  1.249713977231025E-003  1.249838187132392E-003
  4.383415286454635E-002  0.600000158304449     
 Mean drag value and variance:  1.170917294382746E-003  0.000000000000000E+000
   20  0.1170917E-02  0.5032835E-03  0.6912759E-06  0.2360893E-04  0.1271434E-09
 Calc con  1.249999437617248E-003  1.249998424517872E-003
  9.999980624273871E-003  9.999978043437420E-003  9.999989078933187E-003
  9.999996912196286E-003  1.000000081602133E-002 -1.000000003600133E-002
 -5.790835740706787E-003  9.999945346386100E-003 -7.200340277621943E-003
  9.856557350902812E-003  1.249991639245832E-003  1.249998349784987E-003
  4.385746080560912E-002  0.600000002855502     
 Design variables:  1.249999437617248E-003  1.249998424517872E-003
  9.999980624273871E-003  9.999978043437420E-003  9.999989078933187E-003
  9.999996912196286E-003  1.000000081602133E-002 -1.000000003600133E-002
 -5.790835740706787E-003  9.999945346386100E-003 -7.200340277621943E-003
  9.856557350902812E-003  1.249991639245832E-003  1.249998349784987E-003
  4.385746080560912E-002  0.600000002855502     
 Constraint value, mean lift and its standard deviation: -5.279365725696650E-007
  0.600000527936573       0.000000000000000E+000
 Calc obj  1.249999437617248E-003  1.249998424517872E-003
  9.999980624273871E-003  9.999978043437420E-003  9.999989078933187E-003
  9.999996912196286E-003  1.000000081602133E-002 -1.000000003600133E-002
 -5.790835740706787E-003  9.999945346386100E-003 -7.200340277621943E-003
  9.856557350902812E-003  1.249991639245832E-003  1.249998349784987E-003
  4.385746080560912E-002  0.600000002855502     
 Design variables:  1.249999437617248E-003  1.249998424517872E-003
  9.999980624273871E-003  9.999978043437420E-003  9.999989078933187E-003
  9.999996912196286E-003  1.000000081602133E-002 -1.000000003600133E-002
 -5.790835740706787E-003  9.999945346386100E-003 -7.200340277621943E-003
  9.856557350902812E-003  1.249991639245832E-003  1.249998349784987E-003
  4.385746080560912E-002  0.600000002855502     
 Mean drag value and variance:  1.170907861024910E-003  0.000000000000000E+000
   21  0.1170908E-02  0.6303558E-03  0.5352903E-06  0.1588820E-04  0.1000000E-10
 Calc con  1.249999495918009E-003  1.249998506693158E-003
  9.999981214479094E-003  9.999978689274013E-003  9.999989511744720E-003
  9.999997159068691E-003  1.000000097188753E-002 -9.999998998823407E-003
 -5.716081589851599E-003  9.999931750307615E-003 -7.443405790381423E-003
  9.961488729276179E-003  1.249994378342382E-003  1.249997797215413E-003
  4.389185773302649E-002  0.600000003089062     
 Design variables:  1.249999495918009E-003  1.249998506693158E-003
  9.999981214479094E-003  9.999978689274013E-003  9.999989511744720E-003
  9.999997159068691E-003  1.000000097188753E-002 -9.999998998823407E-003
 -5.716081589851599E-003  9.999931750307615E-003 -7.443405790381423E-003
  9.961488729276179E-003  1.249994378342382E-003  1.249997797215413E-003
  4.389185773302649E-002  0.600000003089062     
 Constraint value, mean lift and its standard deviation: -1.238378022350162E-007
  0.600000123837802       0.000000000000000E+000
 Calc obj  1.249999495918009E-003  1.249998506693158E-003
  9.999981214479094E-003  9.999978689274013E-003  9.999989511744720E-003
  9.999997159068691E-003  1.000000097188753E-002 -9.999998998823407E-003
 -5.716081589851599E-003  9.999931750307615E-003 -7.443405790381423E-003
  9.961488729276179E-003  1.249994378342382E-003  1.249997797215413E-003
  4.389185773302649E-002  0.600000003089062     
 Design variables:  1.249999495918009E-003  1.249998506693158E-003
  9.999981214479094E-003  9.999978689274013E-003  9.999989511744720E-003
  9.999997159068691E-003  1.000000097188753E-002 -9.999998998823407E-003
 -5.716081589851599E-003  9.999931750307615E-003 -7.443405790381423E-003
  9.961488729276179E-003  1.249994378342382E-003  1.249997797215413E-003
  4.389185773302649E-002  0.600000003089062     
 Mean drag value and variance:  1.170905188188577E-003  0.000000000000000E+000
   22  0.1170905E-02  0.2430655E-03  0.1311954E-06  0.4055599E-05  0.1000000E-10
 Calc con  1.249999480419805E-003  1.249998494472721E-003
  9.999981173048376E-003  9.999978645848357E-003  9.999989495168152E-003
  9.999997152666147E-003  1.000000096804276E-002 -9.999999025469988E-003
 -5.707379085401097E-003  9.999933010436031E-003 -7.480662595402249E-003
  9.988911960928234E-003  1.249994344475524E-003  1.249997778776327E-003
  4.389157799875222E-002  0.600000003087809     
 Design variables:  1.249999480419805E-003  1.249998494472721E-003
  9.999981173048376E-003  9.999978645848357E-003  9.999989495168152E-003
  9.999997152666147E-003  1.000000096804276E-002 -9.999999025469988E-003
 -5.707379085401097E-003  9.999933010436031E-003 -7.480662595402249E-003
  9.988911960928234E-003  1.249994344475524E-003  1.249997778776327E-003
  4.389157799875222E-002  0.600000003087809     
 Constraint value, mean lift and its standard deviation:  5.710512174239568E-009
  0.599999994289488       0.000000000000000E+000
 Calc obj  1.249999480419805E-003  1.249998494472721E-003
  9.999981173048376E-003  9.999978645848357E-003  9.999989495168152E-003
  9.999997152666147E-003  1.000000096804276E-002 -9.999999025469988E-003
 -5.707379085401097E-003  9.999933010436031E-003 -7.480662595402249E-003
  9.988911960928234E-003  1.249994344475524E-003  1.249997778776327E-003
  4.389157799875222E-002  0.600000003087809     
 Design variables:  1.249999480419805E-003  1.249998494472721E-003
  9.999981173048376E-003  9.999978645848357E-003  9.999989495168152E-003
  9.999997152666147E-003  1.000000096804276E-002 -9.999999025469988E-003
 -5.707379085401097E-003  9.999933010436031E-003 -7.480662595402249E-003
  9.988911960928234E-003  1.249994344475524E-003  1.249997778776327E-003
  4.389157799875222E-002  0.600000003087809     
 Mean drag value and variance:  1.170904582931844E-003  0.000000000000000E+000
   23  0.1170905E-02  0.3725681E-04  0.1646953E-08  0.2850984E-06  0.1000000E-10
 
 The solution was found.
 
 The final value of the objective function is   1.170904582931844E-003
 
 The optimal values of X are:
 
 X  (           1 ) =   1.249999480419805E-003
 X  (           2 ) =   1.249998494472721E-003
 X  (           3 ) =   9.999981173048376E-003
 X  (           4 ) =   9.999978645848357E-003
 X  (           5 ) =   9.999989495168152E-003
 X  (           6 ) =   9.999997152666147E-003
 X  (           7 ) =   1.000000000000000E-002
 X  (           8 ) =  -9.999999025469988E-003
 X  (           9 ) =  -5.707379085401097E-003
 X  (          10 ) =   9.999933010436031E-003
 X  (          11 ) =  -7.480662595402249E-003
 X  (          12 ) =   9.988911960928234E-003
 X  (          13 ) =   1.249994344475524E-003
 X  (          14 ) =   1.249997778776327E-003
 X  (          15 ) =    2.51480217549776     
 X  (          16 ) =   0.600000003087809     
 
 The multipliers for the equality constraints are:
 
 LAM(           1 ) =   3.784251701013744E-003
 
Mean drag, variance, SD, CV:       0.0012       0.0000       0.0000       0.0000
