     1    0.4206412544E+00    0.6792194655E-01    0.1303636881E+02    0.0000000000E+00    0.6000000000E+03   -0.1000000000E+01    0.1666666667E-02
     2    0.6411909366E+00    0.8933749106E+00    0.1581548937E+02    0.0000000000E+00    0.5930000000E+03   -0.1000000000E+01    0.1686340641E-02
     3    0.6935710177E+00    0.6221220838E+00    0.2229152784E+02    0.0000000000E+00    0.5710000000E+03   -0.1000000000E+01    0.1751313485E-02
     4    0.5175152028E+00    0.4063671344E+00    0.3378631720E+02    0.0000000000E+00    0.5470000000E+03   -0.1000000000E+01    0.1828153565E-02
     5    0.9611085181E+00    0.1909379209E+00    0.1598328951E+02    0.0000000000E+00    0.5910000000E+03   -0.1000000000E+01    0.1692047377E-02
     6    0.3495937831E-01    0.4809692657E-02    0.2517850061E+02    0.0000000000E+00    0.5630000000E+03   -0.1000000000E+01    0.1776198934E-02
     7    0.3451169091E+00    0.3303982737E+00    0.3898282055E+02    0.0000000000E+00    0.4550000000E+03   -0.1000000000E+01    0.2197802198E-02
     8    0.8120803482E+00    0.2582420961E+00    0.1438792267E+02    0.0000000000E+00    0.5990000000E+03   -0.1000000000E+01    0.1669449082E-02
     9    0.7390220503E+00    0.5460590650E+00    0.2071308628E+02    0.0000000000E+00    0.5780000000E+03   -0.1000000000E+01    0.1730103806E-02
    10    0.5788587550E+00    0.7430098787E+00    0.2062972330E+02    0.0000000000E+00    0.5790000000E+03   -0.1000000000E+01    0.1727115717E-02
    11    0.9206384437E+00    0.5370595640E+00    0.1638927914E+02    0.0000000000E+00    0.5880000000E+03   -0.1000000000E+01    0.1700680272E-02
    12    0.8765255935E+00    0.6605529561E+00    0.1666074261E+02    0.0000000000E+00    0.5870000000E+03   -0.1000000000E+01    0.1703577513E-02
    13    0.3875243569E+00    0.2353289135E+00    0.3217401001E+02    0.0000000000E+00    0.5480000000E+03   -0.1000000000E+01    0.1824817518E-02
    14    0.8383788223E+00    0.8048638310E+00    0.1599193220E+02    0.0000000000E+00    0.5900000000E+03   -0.1000000000E+01    0.1694915254E-02
    15    0.7889699717E+00    0.9239301105E+00    0.1524116406E+02    0.0000000000E+00    0.5950000000E+03   -0.1000000000E+01    0.1680672269E-02
    16    0.1141199560E+00    0.6980137678E+00    0.1975233400E+02    0.0000000000E+00    0.5830000000E+03   -0.1000000000E+01    0.1715265866E-02
    17    0.6893317719E-01    0.4270701107E+00    0.2356468529E+02    0.0000000000E+00    0.5660000000E+03   -0.1000000000E+01    0.1766784452E-02
    18    0.1901067952E+00    0.4988826758E+00    0.2582077834E+02    0.0000000000E+00    0.5600000000E+03   -0.1000000000E+01    0.1785714286E-02
    19    0.5977574766E+00    0.9495463223E-01    0.1493198176E+02    0.0000000000E+00    0.5980000000E+03   -0.1000000000E+01    0.1672240803E-02
    20    0.4809792972E+00    0.1341051100E+00    0.1511533153E+02    0.0000000000E+00    0.5960000000E+03   -0.1000000000E+01    0.1677852349E-02
    21    0.2419105425E+00    0.8667683613E+00    0.1720073295E+02    0.0000000000E+00    0.5860000000E+03   -0.1000000000E+01    0.1706484642E-02
    22    0.2801500086E+00    0.9909955684E+00    0.1511122294E+02    0.0000000000E+00    0.5970000000E+03   -0.1000000000E+01    0.1675041876E-02
    23    0.1393874091E+00    0.3368180379E+00    0.2611651306E+02    0.0000000000E+00    0.5590000000E+03   -0.1000000000E+01    0.1788908766E-02
    24    0.2930714499E+00    0.7785865668E+00    0.2014107324E+02    0.0000000000E+00    0.5810000000E+03   -0.1000000000E+01    0.1721170396E-02
    25    0.6256906940E+00    0.3729978924E+00    0.2338820054E+02    0.0000000000E+00    0.5680000000E+03   -0.1000000000E+01    0.1760563380E-02
    26    0.6564193691E+00    0.5794283070E+00    0.2542484837E+02    0.0000000000E+00    0.5610000000E+03   -0.1000000000E+01    0.1782531194E-02
    27    0.2928824382E-01    0.4487190203E+00    0.2277480113E+02    0.0000000000E+00    0.5700000000E+03   -0.1000000000E+01    0.1754385965E-02
    28    0.2297517285E+00    0.4772337662E+00    0.2748665216E+02    0.0000000000E+00    0.5560000000E+03   -0.1000000000E+01    0.1798561151E-02
    29    0.2155978507E+00    0.0000000000E+00    0.2351443866E+02    0.0000000000E+00    0.5670000000E+03   -0.1000000000E+01    0.1763668430E-02
    30    0.9468322783E-02    0.5428544812E+00    0.2038066422E+02    0.0000000000E+00    0.5800000000E+03   -0.1000000000E+01    0.1724137931E-02
    31    0.3391477970E+00    0.4208964306E+00    0.3709344978E+02    0.0000000000E+00    0.5240000000E+03   -0.1000000000E+01    0.1908396947E-02
    32    0.5234843149E+00    0.3158689775E+00    0.2752565008E+02    0.0000000000E+00    0.5550000000E+03   -0.1000000000E+01    0.1801801802E-02
    33    0.7942147255E+00    0.4769861140E+00    0.1835666999E+02    0.0000000000E+00    0.5850000000E+03   -0.1000000000E+01    0.1709401709E-02
    34    0.5824863304E+00    0.5657757747E+00    0.2995888532E+02    0.0000000000E+00    0.5490000000E+03   -0.1000000000E+01    0.1821493625E-02
    35    0.9695330125E+00    0.5099636799E+00    0.1589115193E+02    0.0000000000E+00    0.5920000000E+03   -0.1000000000E+01    0.1689189189E-02
    36    0.7188539487E+00    0.5341692747E+00    0.2173155837E+02    0.0000000000E+00    0.5750000000E+03   -0.1000000000E+01    0.1739130435E-02
    37    0.6749115566E+00    0.5926263464E+00    0.2402121325E+02    0.0000000000E+00    0.5650000000E+03   -0.1000000000E+01    0.1769911504E-02
    38    0.3571819435E+00    0.7320192855E+00    0.2152336245E+02    0.0000000000E+00    0.5760000000E+03   -0.1000000000E+01    0.1736111111E-02
    39    0.3988066829E+00    0.3465669557E+00    0.3855256991E+02    0.0000000000E+00    0.4750000000E+03   -0.1000000000E+01    0.2105263158E-02
    40    0.4638254290E+00    0.3901984523E+00    0.3689834586E+02    0.0000000000E+00    0.5260000000E+03   -0.1000000000E+01    0.1901140684E-02
    41    0.2969307775E+00    0.3858759880E+00    0.3585599892E+02    0.0000000000E+00    0.5390000000E+03   -0.1000000000E+01    0.1855287570E-02
    42    0.5657013344E+00    0.3508894201E+00    0.2659198108E+02    0.0000000000E+00    0.5580000000E+03   -0.1000000000E+01    0.1792114695E-02
    43    0.6402225630E+00    0.7109617294E+00    0.2103313811E+02    0.0000000000E+00    0.5770000000E+03   -0.1000000000E+01    0.1733102253E-02
    44    0.5275614804E-01    0.7300619172E+00    0.2002420493E+02    0.0000000000E+00    0.5820000000E+03   -0.1000000000E+01    0.1718213058E-02
    45    0.0000000000E+00    0.4020309341E+00    0.2216965641E+02    0.0000000000E+00    0.5720000000E+03   -0.1000000000E+01    0.1748251748E-02
    46    0.3654113874E+00    0.3813653254E+00    0.3921163056E+02    0.0000000000E+00    0.4320000000E+03   -0.1000000000E+01    0.2314814815E-02
    47    0.3169121134E+00    0.3067990798E+00    0.3840792470E+02    0.0000000000E+00    0.4840000000E+03   -0.1000000000E+01    0.2066115702E-02
    48    0.5457199985E+00    0.3326229531E+00    0.2693854374E+02    0.0000000000E+00    0.5570000000E+03   -0.1000000000E+01    0.1795332136E-02
    49    0.1742367996E+00    0.5196415017E+00    0.2527737554E+02    0.0000000000E+00    0.5620000000E+03   -0.1000000000E+01    0.1779359431E-02
    50    0.3609869047E+00    0.3096394478E+00    0.3840629266E+02    0.0000000000E+00    0.4850000000E+03   -0.1000000000E+01    0.2061855670E-02
    51    0.4045186329E+00    0.3644922199E+00    0.3887231542E+02    0.0000000000E+00    0.4630000000E+03   -0.1000000000E+01    0.2159827214E-02
    52    0.3596994373E+00    0.3634400612E+00    0.3924548486E+02    0.0000000000E+00    0.4170000000E+03   -0.1000000000E+01    0.2398081535E-02
    53    0.3521771706E+00    0.3651210029E+00    0.3910393492E+02    0.0000000000E+00    0.4460000000E+03   -0.1000000000E+01    0.2242152466E-02
    54    0.3642375757E+00    0.3466425962E+00    0.3920500670E+02    0.0000000000E+00    0.4370000000E+03   -0.1000000000E+01    0.2288329519E-02
    55    0.2869056268E+00    0.3967341563E+00    0.3471205434E+02    0.0000000000E+00    0.5450000000E+03   -0.1000000000E+01    0.1834862385E-02
    56    0.3701014699E+00    0.4055275997E+00    0.3889184013E+02    0.0000000000E+00    0.4620000000E+03   -0.1000000000E+01    0.2164502165E-02
    57    0.3779338703E+00    0.3579520210E+00    0.3926691021E+02    0.0000000000E+00    0.4090000000E+03   -0.1000000000E+01    0.2444987775E-02
    58    0.3178035900E+00    0.3744909227E+00    0.3755916903E+02    0.0000000000E+00    0.5140000000E+03   -0.1000000000E+01    0.1945525292E-02
    59    0.2670803887E+00    0.3293479677E+00    0.3558767681E+02    0.0000000000E+00    0.5420000000E+03   -0.1000000000E+01    0.1845018450E-02
    60    0.4153145094E+00    0.3824156314E+00    0.3891563449E+02    0.0000000000E+00    0.4600000000E+03   -0.1000000000E+01    0.2173913043E-02
    61    0.2158868273E+00    0.4116683308E+00    0.2903612581E+02    0.0000000000E+00    0.5520000000E+03   -0.1000000000E+01    0.1811594203E-02
    62    0.1981632590E+00    0.4231952949E+00    0.2762965166E+02    0.0000000000E+00    0.5540000000E+03   -0.1000000000E+01    0.1805054152E-02
    63    0.3615795678E+00    0.3550266135E+00    0.3926027880E+02    0.0000000000E+00    0.4110000000E+03   -0.1000000000E+01    0.2433090024E-02
    64    0.4026385025E+00    0.3729056677E+00    0.3908902697E+02    0.0000000000E+00    0.4480000000E+03   -0.1000000000E+01    0.2232142857E-02
    65    0.3997883254E+00    0.4655321081E+00    0.3740871074E+02    0.0000000000E+00    0.5190000000E+03   -0.1000000000E+01    0.1926782274E-02
    66    0.3704199310E+00    0.1906932359E+00    0.2946592716E+02    0.0000000000E+00    0.5500000000E+03   -0.1000000000E+01    0.1818181818E-02
    67    0.2490973905E+00    0.4571283649E+00    0.2932989368E+02    0.0000000000E+00    0.5510000000E+03   -0.1000000000E+01    0.1814882033E-02
    68    0.9942581895E-02    0.4688244216E+00    0.2198667856E+02    0.0000000000E+00    0.5740000000E+03   -0.1000000000E+01    0.1742160279E-02
    69    0.1000000000E+01    0.1611709345E+00    0.1564018530E+02    0.0000000000E+00    0.5940000000E+03   -0.1000000000E+01    0.1683501684E-02
    70    0.9520387808E+00    0.2478842398E+00    0.1606284510E+02    0.0000000000E+00    0.5890000000E+03   -0.1000000000E+01    0.1697792869E-02
    71    0.7469113079E+00    0.6335224583E+00    0.1969592428E+02    0.0000000000E+00    0.5840000000E+03   -0.1000000000E+01    0.1712328767E-02
    72    0.2635718232E+00    0.2953987053E+00    0.3622679798E+02    0.0000000000E+00    0.5360000000E+03   -0.1000000000E+01    0.1865671642E-02
    73    0.2386872076E+00    0.1702753387E+00    0.3449045889E+02    0.0000000000E+00    0.5460000000E+03   -0.1000000000E+01    0.1831501832E-02
    74    0.5758404207E+00    0.3362868748E+00    0.2475865247E+02    0.0000000000E+00    0.5640000000E+03   -0.1000000000E+01    0.1773049645E-02
    75    0.3686873614E+00    0.3652566008E+00    0.3932850091E+02    0.0000000000E+00    0.3780000000E+03   -0.1000000000E+01    0.2645502646E-02
    76    0.3689459463E+00    0.3561354815E+00    0.3928855569E+02    0.0000000000E+00    0.4000000000E+03   -0.1000000000E+01    0.2500000000E-02
    77    0.3571687695E+00    0.3555851514E+00    0.3922268882E+02    0.0000000000E+00    0.4270000000E+03   -0.1000000000E+01    0.2341920375E-02
    78    0.3823446686E+00    0.3573934832E+00    0.3921220316E+02    0.0000000000E+00    0.4310000000E+03   -0.1000000000E+01    0.2320185615E-02
    79    0.3719885471E+00    0.3753006788E+00    0.3934048742E+02    0.0000000000E+00    0.3660000000E+03   -0.1000000000E+01    0.2732240437E-02
    80    0.3675248910E+00    0.3591913824E+00    0.3930546898E+02    0.0000000000E+00    0.3930000000E+03   -0.1000000000E+01    0.2544529262E-02
    81    0.6259277478E+00    0.3717741980E+00    0.2330737169E+02    0.0000000000E+00    0.5690000000E+03   -0.1000000000E+01    0.1757469244E-02
    82    0.2919507572E+00    0.3442362250E+00    0.3685463457E+02    0.0000000000E+00    0.5270000000E+03   -0.1000000000E+01    0.1897533207E-02
    83    0.3636108988E+00    0.4090915757E+00    0.3860811499E+02    0.0000000000E+00    0.4730000000E+03   -0.1000000000E+01    0.2114164905E-02
    84    0.3759025394E+00    0.3554520499E+00    0.3925293243E+02    0.0000000000E+00    0.4150000000E+03   -0.1000000000E+01    0.2409638554E-02
    85    0.3579642504E+00    0.3660991688E+00    0.3920840954E+02    0.0000000000E+00    0.4350000000E+03   -0.1000000000E+01    0.2298850575E-02
    86    0.4043736894E+00    0.3702465601E+00    0.3899911819E+02    0.0000000000E+00    0.4530000000E+03   -0.1000000000E+01    0.2207505519E-02
    87    0.3727340450E+00    0.3147549311E+00    0.3827385118E+02    0.0000000000E+00    0.4890000000E+03   -0.1000000000E+01    0.2044989775E-02
    88    0.3706112127E+00    0.3761199360E+00    0.3932489365E+02    0.0000000000E+00    0.3810000000E+03   -0.1000000000E+01    0.2624671916E-02
    89    0.3764137781E+00    0.3526547442E+00    0.3921051287E+02    0.0000000000E+00    0.4330000000E+03   -0.1000000000E+01    0.2309468822E-02
    90    0.3657576679E+00    0.3620862958E+00    0.3930633157E+02    0.0000000000E+00    0.3920000000E+03   -0.1000000000E+01    0.2551020408E-02
    91    0.3637655534E+00    0.3689948309E+00    0.3927926724E+02    0.0000000000E+00    0.4040000000E+03   -0.1000000000E+01    0.2475247525E-02
    92    0.3632254018E+00    0.3474533851E+00    0.3921428648E+02    0.0000000000E+00    0.4300000000E+03   -0.1000000000E+01    0.2325581395E-02
    93    0.3835807324E+00    0.3455629973E+00    0.3895877066E+02    0.0000000000E+00    0.4580000000E+03   -0.1000000000E+01    0.2183406114E-02
    94    0.3585907136E+00    0.3590316200E+00    0.3923914501E+02    0.0000000000E+00    0.4220000000E+03   -0.1000000000E+01    0.2369668246E-02
    95    0.0000000000E+00    0.4439590420E+00    0.2203250353E+02    0.0000000000E+00    0.5730000000E+03   -0.1000000000E+01    0.1745200698E-02
    96    0.5986749520E+00    0.4236040002E+00    0.2797219305E+02    0.0000000000E+00    0.5530000000E+03   -0.1000000000E+01    0.1808318264E-02
    97    0.4295732388E+00    0.3748967728E+00    0.3821247449E+02    0.0000000000E+00    0.4940000000E+03   -0.1000000000E+01    0.2024291498E-02
    98    0.3927932882E+00    0.2843975352E+00    0.3564859671E+02    0.0000000000E+00    0.5410000000E+03   -0.1000000000E+01    0.1848428835E-02
    99    0.3727971534E+00    0.3774126648E+00    0.3933898216E+02    0.0000000000E+00    0.3670000000E+03   -0.1000000000E+01    0.2724795640E-02
   100    0.3678787551E+00    0.3631446148E+00    0.3932051790E+02    0.0000000000E+00    0.3850000000E+03   -0.1000000000E+01    0.2597402597E-02
   101    0.3650323018E+00    0.3647250824E+00    0.3930236098E+02    0.0000000000E+00    0.3960000000E+03   -0.1000000000E+01    0.2525252525E-02
   102    0.3746357910E+00    0.3597217984E+00    0.3930536236E+02    0.0000000000E+00    0.3940000000E+03   -0.1000000000E+01    0.2538071066E-02
   103    0.3676828054E+00    0.3589516108E+00    0.3930475720E+02    0.0000000000E+00    0.3950000000E+03   -0.1000000000E+01    0.2531645570E-02
   104    0.3760087329E+00    0.3610867061E+00    0.3931138098E+02    0.0000000000E+00    0.3900000000E+03   -0.1000000000E+01    0.2564102564E-02
   105    0.3728593743E+00    0.2799765034E+00    0.3651945521E+02    0.0000000000E+00    0.5300000000E+03   -0.1000000000E+01    0.1886792453E-02
   106    0.3678165341E+00    0.3684913039E+00    0.3932260489E+02    0.0000000000E+00    0.3840000000E+03   -0.1000000000E+01    0.2604166667E-02
   107    0.3588127205E+00    0.2820887282E+00    0.3728406316E+02    0.0000000000E+00    0.5220000000E+03   -0.1000000000E+01    0.1915708812E-02
   108    0.3607648978E+00    0.3499180829E+00    0.3922959854E+02    0.0000000000E+00    0.4250000000E+03   -0.1000000000E+01    0.2352941176E-02
   109    0.3575214176E+00    0.3960441416E+00    0.3875461568E+02    0.0000000000E+00    0.4670000000E+03   -0.1000000000E+01    0.2141327623E-02
   110    0.3576116023E+00    0.3647059722E+00    0.3920981306E+02    0.0000000000E+00    0.4340000000E+03   -0.1000000000E+01    0.2304147465E-02
   111    0.3558010969E+00    0.3639775950E+00    0.3918300382E+02    0.0000000000E+00    0.4380000000E+03   -0.1000000000E+01    0.2283105023E-02
   112    0.3714919894E+00    0.3734093796E+00    0.3934214694E+02    0.0000000000E+00    0.3640000000E+03   -0.1000000000E+01    0.2747252747E-02
   113    0.3070597994E+00    0.3618968273E+00    0.3729803374E+02    0.0000000000E+00    0.5210000000E+03   -0.1000000000E+01    0.1919385797E-02
   114    0.3884069149E+00    0.3770863153E+00    0.3934875074E+02    0.0000000000E+00    0.3610000000E+03   -0.1000000000E+01    0.2770083102E-02
   115    0.3712839742E+00    0.3545126608E+00    0.3926926256E+02    0.0000000000E+00    0.4070000000E+03   -0.1000000000E+01    0.2457002457E-02
   116    0.3696505191E+00    0.3769234995E+00    0.3931056299E+02    0.0000000000E+00    0.3910000000E+03   -0.1000000000E+01    0.2557544757E-02
   117    0.3711823758E+00    0.3761187637E+00    0.3933035073E+02    0.0000000000E+00    0.3760000000E+03   -0.1000000000E+01    0.2659574468E-02
   118    0.3714173840E+00    0.3753018510E+00    0.3933575293E+02    0.0000000000E+00    0.3720000000E+03   -0.1000000000E+01    0.2688172043E-02
   119    0.3792656605E+00    0.3564312781E+00    0.3923472360E+02    0.0000000000E+00    0.4240000000E+03   -0.1000000000E+01    0.2358490566E-02
   120    0.3644258777E+00    0.3636070388E+00    0.3929740242E+02    0.0000000000E+00    0.3980000000E+03   -0.1000000000E+01    0.2512562814E-02
   121    0.3953954300E+00    0.3751654857E+00    0.3925691483E+02    0.0000000000E+00    0.4140000000E+03   -0.1000000000E+01    0.2415458937E-02
   122    0.3650000320E+00    0.3772215084E+00    0.3924519552E+02    0.0000000000E+00    0.4180000000E+03   -0.1000000000E+01    0.2392344498E-02
   123    0.3615377344E+00    0.3574356312E+00    0.3926709048E+02    0.0000000000E+00    0.4080000000E+03   -0.1000000000E+01    0.2450980392E-02
   124    0.3659989255E+00    0.3577314703E+00    0.3929369684E+02    0.0000000000E+00    0.3990000000E+03   -0.1000000000E+01    0.2506265664E-02
   125    0.3419912188E+00    0.3762189349E+00    0.3864586599E+02    0.0000000000E+00    0.4700000000E+03   -0.1000000000E+01    0.2127659574E-02
   126    0.3778408848E+00    0.3742767600E+00    0.3937001226E+02    0.0000000000E+00    0.3340000000E+03   -0.1000000000E+01    0.2994011976E-02
   127    0.3712591781E+00    0.3747582143E+00    0.3933635482E+02    0.0000000000E+00    0.3700000000E+03   -0.1000000000E+01    0.2702702703E-02
   128    0.3714151871E+00    0.3747699289E+00    0.3933761547E+02    0.0000000000E+00    0.3690000000E+03   -0.1000000000E+01    0.2710027100E-02
   129    0.3488149580E+00    0.3554404060E+00    0.3909440988E+02    0.0000000000E+00    0.4470000000E+03   -0.1000000000E+01    0.2237136465E-02
   130    0.3842563509E+00    0.3555967952E+00    0.3915512431E+02    0.0000000000E+00    0.4420000000E+03   -0.1000000000E+01    0.2262443439E-02
   131    0.3738923710E+00    0.3610157047E+00    0.3931806983E+02    0.0000000000E+00    0.3880000000E+03   -0.1000000000E+01    0.2577319588E-02
   132    0.3628791421E+00    0.3653276022E+00    0.3927997805E+02    0.0000000000E+00    0.4030000000E+03   -0.1000000000E+01    0.2481389578E-02
   133    0.3745672030E+00    0.3534965990E+00    0.3923861219E+02    0.0000000000E+00    0.4230000000E+03   -0.1000000000E+01    0.2364066194E-02
   134    0.3574816691E+00    0.3509341447E+00    0.3921511387E+02    0.0000000000E+00    0.4290000000E+03   -0.1000000000E+01    0.2331002331E-02
   135    0.3713415883E+00    0.3730672850E+00    0.3934183960E+02    0.0000000000E+00    0.3650000000E+03   -0.1000000000E+01    0.2739726027E-02
   136    0.3713327769E+00    0.3764608582E+00    0.3933022315E+02    0.0000000000E+00    0.3770000000E+03   -0.1000000000E+01    0.2652519894E-02
   137    0.3704121573E+00    0.3756309476E+00    0.3932519807E+02    0.0000000000E+00    0.3800000000E+03   -0.1000000000E+01    0.2631578947E-02
   138    0.3729962088E+00    0.3779016532E+00    0.3933849732E+02    0.0000000000E+00    0.3680000000E+03   -0.1000000000E+01    0.2717391304E-02
   139    0.3686157161E+00    0.3630671649E+00    0.3932368906E+02    0.0000000000E+00    0.3820000000E+03   -0.1000000000E+01    0.2617801047E-02
   140    0.3404288909E+00    0.3693738346E+00    0.3871485478E+02    0.0000000000E+00    0.4680000000E+03   -0.1000000000E+01    0.2136752137E-02
   141    0.3782838527E+00    0.3477818318E+00    0.3910440071E+02    0.0000000000E+00    0.4450000000E+03   -0.1000000000E+01    0.2247191011E-02
   142    0.3729703549E+00    0.3461569192E+00    0.3914383817E+02    0.0000000000E+00    0.4440000000E+03   -0.1000000000E+01    0.2252252252E-02
   143    0.3713584010E+00    0.3754092694E+00    0.3933483992E+02    0.0000000000E+00    0.3750000000E+03   -0.1000000000E+01    0.2666666667E-02
   144    0.3729307418E+00    0.3754127750E+00    0.3934726230E+02    0.0000000000E+00    0.3630000000E+03   -0.1000000000E+01    0.2754820937E-02
   145    0.3729075937E+00    0.3735015734E+00    0.3935148259E+02    0.0000000000E+00    0.3580000000E+03   -0.1000000000E+01    0.2793296089E-02
   146    0.3764252805E+00    0.3741845662E+00    0.3936674380E+02    0.0000000000E+00    0.3440000000E+03   -0.1000000000E+01    0.2906976744E-02
   147    0.4377063914E+00    0.3777687861E+00    0.3791831583E+02    0.0000000000E+00    0.5010000000E+03   -0.1000000000E+01    0.1996007984E-02
   148    0.3923419115E+00    0.3735942892E+00    0.3928372849E+02    0.0000000000E+00    0.4020000000E+03   -0.1000000000E+01    0.2487562189E-02
   149    0.3825801158E+00    0.3768065292E+00    0.3937314565E+02    0.0000000000E+00    0.2980000000E+03   -0.1000000000E+01    0.3355704698E-02
   150    0.3836676839E+00    0.3745565462E+00    0.3936379551E+02    0.0000000000E+00    0.3520000000E+03   -0.1000000000E+01    0.2840909091E-02
   151    0.3796410877E+00    0.3748960607E+00    0.3937226761E+02    0.0000000000E+00    0.3120000000E+03   -0.1000000000E+01    0.3205128205E-02
   152    0.3244832397E+00    0.4188212127E+00    0.3633070633E+02    0.0000000000E+00    0.5350000000E+03   -0.1000000000E+01    0.1869158879E-02
   153    0.3708922015E+00    0.3782391154E+00    0.3931649256E+02    0.0000000000E+00    0.3890000000E+03   -0.1000000000E+01    0.2570694087E-02
   154    0.3798654484E+00    0.3516015423E+00    0.3915150161E+02    0.0000000000E+00    0.4430000000E+03   -0.1000000000E+01    0.2257336343E-02
   155    0.3719207496E+00    0.3765972221E+00    0.3933494829E+02    0.0000000000E+00    0.3740000000E+03   -0.1000000000E+01    0.2673796791E-02
   156    0.3789163440E+00    0.3755811911E+00    0.3937231871E+02    0.0000000000E+00    0.3100000000E+03   -0.1000000000E+01    0.3225806452E-02
   157    0.3852180611E+00    0.3646198818E+00    0.3927404126E+02    0.0000000000E+00    0.4050000000E+03   -0.1000000000E+01    0.2469135802E-02
   158    0.3502344260E+00    0.3743628504E+00    0.3894893479E+02    0.0000000000E+00    0.4590000000E+03   -0.1000000000E+01    0.2178649237E-02
   159    0.3699322180E+00    0.3737838762E+00    0.3932810599E+02    0.0000000000E+00    0.3790000000E+03   -0.1000000000E+01    0.2638522427E-02
   160    0.3792502551E+00    0.3084870255E+00    0.3776874368E+02    0.0000000000E+00    0.5060000000E+03   -0.1000000000E+01    0.1976284585E-02
   161    0.3856903577E+00    0.3764122569E+00    0.3936204931E+02    0.0000000000E+00    0.3550000000E+03   -0.1000000000E+01    0.2816901408E-02
   162    0.3805574420E+00    0.3749508184E+00    0.3937213648E+02    0.0000000000E+00    0.3140000000E+03   -0.1000000000E+01    0.3184713376E-02
   163    0.3708090918E+00    0.3739171008E+00    0.3933534844E+02    0.0000000000E+00    0.3730000000E+03   -0.1000000000E+01    0.2680965147E-02
   164    0.3784491770E+00    0.3756615102E+00    0.3937160793E+02    0.0000000000E+00    0.3230000000E+03   -0.1000000000E+01    0.3095975232E-02
   165    0.3791367975E+00    0.3740347880E+00    0.3937090509E+02    0.0000000000E+00    0.3280000000E+03   -0.1000000000E+01    0.3048780488E-02
   166    0.3716348291E+00    0.3756547470E+00    0.3933628478E+02    0.0000000000E+00    0.3710000000E+03   -0.1000000000E+01    0.2695417790E-02
   167    0.3817502956E+00    0.3755723407E+00    0.3937206459E+02    0.0000000000E+00    0.3160000000E+03   -0.1000000000E+01    0.3164556962E-02
   168    0.3844975041E+00    0.3757907346E+00    0.3936507448E+02    0.0000000000E+00    0.3490000000E+03   -0.1000000000E+01    0.2865329513E-02
   169    0.3865082533E+00    0.3777739258E+00    0.3936294631E+02    0.0000000000E+00    0.3540000000E+03   -0.1000000000E+01    0.2824858757E-02
   170    0.3673310406E+00    0.3737908177E+00    0.3930088155E+02    0.0000000000E+00    0.3970000000E+03   -0.1000000000E+01    0.2518891688E-02
   171    0.3808136099E+00    0.3755792475E+00    0.3937303312E+02    0.0000000000E+00    0.3020000000E+03   -0.1000000000E+01    0.3311258278E-02
   172    0.3798530297E+00    0.3755742843E+00    0.3937310956E+02    0.0000000000E+00    0.3010000000E+03   -0.1000000000E+01    0.3322259136E-02
   173    0.3806761588E+00    0.3743978652E+00    0.3937090085E+02    0.0000000000E+00    0.3290000000E+03   -0.1000000000E+01    0.3039513678E-02
   174    0.3777221680E+00    0.3748297132E+00    0.3937005342E+02    0.0000000000E+00    0.3330000000E+03   -0.1000000000E+01    0.3003003003E-02
   175    0.3840966191E+00    0.4317239857E+00    0.3847417252E+02    0.0000000000E+00    0.4790000000E+03   -0.1000000000E+01    0.2087682672E-02
   176    0.3773998407E+00    0.4085290288E+00    0.3898904522E+02    0.0000000000E+00    0.4540000000E+03   -0.1000000000E+01    0.2202643172E-02
   177    0.3785534907E+00    0.3741866198E+00    0.3937080978E+02    0.0000000000E+00    0.3300000000E+03   -0.1000000000E+01    0.3030303030E-02
   178    0.3196686677E+00    0.3741249282E+00    0.3767188436E+02    0.0000000000E+00    0.5100000000E+03   -0.1000000000E+01    0.1960784314E-02
   179    0.3802700639E+00    0.3742898820E+00    0.3937104855E+02    0.0000000000E+00    0.3270000000E+03   -0.1000000000E+01    0.3058103976E-02
   180    0.3757963043E+00    0.3747907449E+00    0.3936429512E+02    0.0000000000E+00    0.3510000000E+03   -0.1000000000E+01    0.2849002849E-02
   181    0.3787880399E+00    0.3748725545E+00    0.3937171930E+02    0.0000000000E+00    0.3210000000E+03   -0.1000000000E+01    0.3115264798E-02
   182    0.3592313847E+00    0.3620809543E+00    0.3924272832E+02    0.0000000000E+00    0.4210000000E+03   -0.1000000000E+01    0.2375296912E-02
   183    0.3791101908E+00    0.3754778170E+00    0.3937249505E+02    0.0000000000E+00    0.3070000000E+03   -0.1000000000E+01    0.3257328990E-02
   184    0.4342814257E+00    0.3741381621E+00    0.3796847724E+02    0.0000000000E+00    0.4990000000E+03   -0.1000000000E+01    0.2004008016E-02
   185    0.3714214800E+00    0.4219576673E+00    0.3845467464E+02    0.0000000000E+00    0.4820000000E+03   -0.1000000000E+01    0.2074688797E-02
   186    0.3779113943E+00    0.3735015911E+00    0.3936935174E+02    0.0000000000E+00    0.3380000000E+03   -0.1000000000E+01    0.2958579882E-02
   187    0.3771535979E+00    0.3760694274E+00    0.3936809915E+02    0.0000000000E+00    0.3390000000E+03   -0.1000000000E+01    0.2949852507E-02
   188    0.3843428619E+00    0.3763182928E+00    0.3936741502E+02    0.0000000000E+00    0.3410000000E+03   -0.1000000000E+01    0.2932551320E-02
   189    0.4724975817E+00    0.3750637196E+00    0.3569386144E+02    0.0000000000E+00    0.5400000000E+03   -0.1000000000E+01    0.1851851852E-02
   190    0.3765656674E+00    0.3752998738E+00    0.3936674002E+02    0.0000000000E+00    0.3450000000E+03   -0.1000000000E+01    0.2898550725E-02
   191    0.3831773801E+00    0.3772571159E+00    0.3937289007E+02    0.0000000000E+00    0.3050000000E+03   -0.1000000000E+01    0.3278688525E-02
   192    0.3783190798E+00    0.3751306043E+00    0.3937125204E+02    0.0000000000E+00    0.3260000000E+03   -0.1000000000E+01    0.3067484663E-02
   193    0.3830533089E+00    0.3229370737E+00    0.3825069993E+02    0.0000000000E+00    0.4920000000E+03   -0.1000000000E+01    0.2032520325E-02
   194    0.3793798366E+00    0.3766960288E+00    0.3937317686E+02    0.0000000000E+00    0.2970000000E+03   -0.1000000000E+01    0.3367003367E-02
   195    0.3790434235E+00    0.3750745304E+00    0.3937213491E+02    0.0000000000E+00    0.3150000000E+03   -0.1000000000E+01    0.3174603175E-02
   196    0.3790468413E+00    0.3754830405E+00    0.3937242880E+02    0.0000000000E+00    0.3080000000E+03   -0.1000000000E+01    0.3246753247E-02
   197    0.3282781435E+00    0.3733533094E+00    0.3812953477E+02    0.0000000000E+00    0.4970000000E+03   -0.1000000000E+01    0.2012072435E-02
   198    0.3850562642E+00    0.3780904263E+00    0.3936972319E+02    0.0000000000E+00    0.3360000000E+03   -0.1000000000E+01    0.2976190476E-02
   199    0.3819461381E+00    0.3753617494E+00    0.3937127602E+02    0.0000000000E+00    0.3250000000E+03   -0.1000000000E+01    0.3076923077E-02
   200    0.3804870074E+00    0.3770190640E+00    0.3937439011E+02    0.0000000000E+00    0.2840000000E+03   -0.1000000000E+01    0.3521126761E-02
   201    0.3506849407E+00    0.4350122128E+00    0.3705884680E+02    0.0000000000E+00    0.5250000000E+03   -0.1000000000E+01    0.1904761905E-02
   202    0.4080797247E+00    0.3579471620E+00    0.3857846624E+02    0.0000000000E+00    0.4740000000E+03   -0.1000000000E+01    0.2109704641E-02
   203    0.3690612429E+00    0.3737355024E+00    0.3931994344E+02    0.0000000000E+00    0.3860000000E+03   -0.1000000000E+01    0.2590673575E-02
   204    0.3690788895E+00    0.3739724161E+00    0.3931914937E+02    0.0000000000E+00    0.3870000000E+03   -0.1000000000E+01    0.2583979328E-02
   205    0.3776548369E+00    0.3755420962E+00    0.3936988785E+02    0.0000000000E+00    0.3350000000E+03   -0.1000000000E+01    0.2985074627E-02
   206    0.3840354698E+00    0.3767422499E+00    0.3936964329E+02    0.0000000000E+00    0.3370000000E+03   -0.1000000000E+01    0.2967359050E-02
   207    0.3818516768E+00    0.4114318673E+00    0.3900827156E+02    0.0000000000E+00    0.4520000000E+03   -0.1000000000E+01    0.2212389381E-02
   208    0.3798652366E+00    0.3762650140E+00    0.3937363266E+02    0.0000000000E+00    0.2950000000E+03   -0.1000000000E+01    0.3389830508E-02
   209    0.3816508558E+00    0.3769281237E+00    0.3937432719E+02    0.0000000000E+00    0.2850000000E+03   -0.1000000000E+01    0.3508771930E-02
   210    0.3817428699E+00    0.3754576530E+00    0.3937183203E+02    0.0000000000E+00    0.3200000000E+03   -0.1000000000E+01    0.3125000000E-02
   211    0.3779089796E+00    0.3744534640E+00    0.3937023849E+02    0.0000000000E+00    0.3310000000E+03   -0.1000000000E+01    0.3021148036E-02
   212    0.3765680821E+00    0.3743480009E+00    0.3936714952E+02    0.0000000000E+00    0.3430000000E+03   -0.1000000000E+01    0.2915451895E-02
   213    0.3779108885E+00    0.3744051482E+00    0.3937021129E+02    0.0000000000E+00    0.3320000000E+03   -0.1000000000E+01    0.3012048193E-02
   214    0.3746377929E+00    0.3024698983E+00    0.3767019929E+02    0.0000000000E+00    0.5110000000E+03   -0.1000000000E+01    0.1956947162E-02
   215    0.3798015092E+00    0.3745227711E+00    0.3937171134E+02    0.0000000000E+00    0.3220000000E+03   -0.1000000000E+01    0.3105590062E-02
   216    0.3788395603E+00    0.3759240677E+00    0.3937230688E+02    0.0000000000E+00    0.3110000000E+03   -0.1000000000E+01    0.3215434084E-02
   217    0.3777224065E+00    0.3777063696E+00    0.3936795351E+02    0.0000000000E+00    0.3400000000E+03   -0.1000000000E+01    0.2941176471E-02
   218    0.3813180915E+00    0.3734993142E+00    0.3936732930E+02    0.0000000000E+00    0.3420000000E+03   -0.1000000000E+01    0.2923976608E-02
   219    0.3782090840E+00    0.2996892725E+00    0.3737676618E+02    0.0000000000E+00    0.5200000000E+03   -0.1000000000E+01    0.1923076923E-02
   220    0.3811174837E+00    0.3773846607E+00    0.3937479287E+02    0.0000000000E+00    0.2500000000E+03   -0.1000000000E+01    0.4000000000E-02
   221    0.3801036042E+00    0.3748509447E+00    0.3937218169E+02    0.0000000000E+00    0.3130000000E+03   -0.1000000000E+01    0.3194888179E-02
   222    0.3789544997E+00    0.3296318799E+00    0.3862138102E+02    0.0000000000E+00    0.4710000000E+03   -0.1000000000E+01    0.2123142251E-02
   223    0.4252749370E+00    0.3786316529E+00    0.3849591620E+02    0.0000000000E+00    0.4780000000E+03   -0.1000000000E+01    0.2092050209E-02
   224    0.3845836781E+00    0.3757770662E+00    0.3936467252E+02    0.0000000000E+00    0.3500000000E+03   -0.1000000000E+01    0.2857142857E-02
   225    0.3806518070E+00    0.3769038358E+00    0.3937441892E+02    0.0000000000E+00    0.2800000000E+03   -0.1000000000E+01    0.3571428571E-02
   226    0.3814860562E+00    0.3770433520E+00    0.3937452280E+02    0.0000000000E+00    0.2740000000E+03   -0.1000000000E+01    0.3649635036E-02
   227    0.3818367544E+00    0.3755653836E+00    0.3937191777E+02    0.0000000000E+00    0.3190000000E+03   -0.1000000000E+01    0.3134796238E-02
   228    0.3797591452E+00    0.3754665536E+00    0.3937296538E+02    0.0000000000E+00    0.3040000000E+03   -0.1000000000E+01    0.3289473684E-02
   229    0.3762534793E+00    0.3751383885E+00    0.3936574871E+02    0.0000000000E+00    0.3480000000E+03   -0.1000000000E+01    0.2873563218E-02
   230    0.3807991955E+00    0.3771805494E+00    0.3937460818E+02    0.0000000000E+00    0.2660000000E+03   -0.1000000000E+01    0.3759398496E-02
   231    0.3800705129E+00    0.3770275222E+00    0.3937405530E+02    0.0000000000E+00    0.2890000000E+03   -0.1000000000E+01    0.3460207612E-02
   232    0.3820673503E+00    0.3769196655E+00    0.3937398263E+02    0.0000000000E+00    0.2930000000E+03   -0.1000000000E+01    0.3412969283E-02
   233    0.3704943779E+00    0.4380951874E+00    0.3779464073E+02    0.0000000000E+00    0.5040000000E+03   -0.1000000000E+01    0.1984126984E-02
   234    0.3799705255E+00    0.3589370103E+00    0.3926054836E+02    0.0000000000E+00    0.4100000000E+03   -0.1000000000E+01    0.2439024390E-02
   235    0.3796361230E+00    0.3761001849E+00    0.3937335697E+02    0.0000000000E+00    0.2960000000E+03   -0.1000000000E+01    0.3378378378E-02
   236    0.3807161209E+00    0.3771838931E+00    0.3937457382E+02    0.0000000000E+00    0.2710000000E+03   -0.1000000000E+01    0.3690036900E-02
   237    0.3741581444E+00    0.3772629646E+00    0.3935003313E+02    0.0000000000E+00    0.3590000000E+03   -0.1000000000E+01    0.2785515320E-02
   238    0.3748237521E+00    0.3734559768E+00    0.3936128227E+02    0.0000000000E+00    0.3560000000E+03   -0.1000000000E+01    0.2808988764E-02
   239    0.4201563831E+00    0.3769202275E+00    0.3864810262E+02    0.0000000000E+00    0.4690000000E+03   -0.1000000000E+01    0.2132196162E-02
   240    0.3821952024E+00    0.3770269603E+00    0.3937399388E+02    0.0000000000E+00    0.2920000000E+03   -0.1000000000E+01    0.3424657534E-02
   241    0.3813944598E+00    0.3770308963E+00    0.3937454138E+02    0.0000000000E+00    0.2730000000E+03   -0.1000000000E+01    0.3663003663E-02
   242    0.3809725169E+00    0.3770811205E+00    0.3937460459E+02    0.0000000000E+00    0.2670000000E+03   -0.1000000000E+01    0.3745318352E-02
   243    0.3807955299E+00    0.3769089462E+00    0.3937446544E+02    0.0000000000E+00    0.2770000000E+03   -0.1000000000E+01    0.3610108303E-02
   244    0.3821587082E+00    0.3760410981E+00    0.3937239187E+02    0.0000000000E+00    0.3090000000E+03   -0.1000000000E+01    0.3236245955E-02
   245    0.3798875724E+00    0.3648718478E+00    0.3932312049E+02    0.0000000000E+00    0.3830000000E+03   -0.1000000000E+01    0.2610966057E-02
   246    0.3799481896E+00    0.3703301765E+00    0.3935828854E+02    0.0000000000E+00    0.3570000000E+03   -0.1000000000E+01    0.2801120448E-02
   247    0.3784388498E+00    0.3063746636E+00    0.3770180004E+02    0.0000000000E+00    0.5080000000E+03   -0.1000000000E+01    0.1968503937E-02
   248    0.3816331336E+00    0.4006418770E+00    0.3920733900E+02    0.0000000000E+00    0.4360000000E+03   -0.1000000000E+01    0.2293577982E-02
   249    0.3816460887E+00    0.3770106318E+00    0.3937441796E+02    0.0000000000E+00    0.2810000000E+03   -0.1000000000E+01    0.3558718861E-02
   250    0.3800752800E+00    0.3769450142E+00    0.3937404836E+02    0.0000000000E+00    0.2900000000E+03   -0.1000000000E+01    0.3448275862E-02
   251    0.3807407933E+00    0.3773811113E+00    0.3937464936E+02    0.0000000000E+00    0.2630000000E+03   -0.1000000000E+01    0.3802281369E-02
   252    0.3811758859E+00    0.3771840988E+00    0.3937468688E+02    0.0000000000E+00    0.2610000000E+03   -0.1000000000E+01    0.3831417625E-02
   253    0.3814333189E+00    0.3773209270E+00    0.3937476172E+02    0.0000000000E+00    0.2540000000E+03   -0.1000000000E+01    0.3937007874E-02
   254    0.3813120147E+00    0.3752213718E+00    0.3937193480E+02    0.0000000000E+00    0.3180000000E+03   -0.1000000000E+01    0.3144654088E-02
   255    0.3819916365E+00    0.3770393729E+00    0.3937420705E+02    0.0000000000E+00    0.2880000000E+03   -0.1000000000E+01    0.3472222222E-02
   256    0.3772168263E+00    0.3777103487E+00    0.3936593917E+02    0.0000000000E+00    0.3470000000E+03   -0.1000000000E+01    0.2881844380E-02
   257    0.3801168256E+00    0.3747485046E+00    0.3937200736E+02    0.0000000000E+00    0.3170000000E+03   -0.1000000000E+01    0.3154574132E-02
   258    0.3796461366E+00    0.3779184290E+00    0.3937314512E+02    0.0000000000E+00    0.2990000000E+03   -0.1000000000E+01    0.3344481605E-02
   259    0.3808319069E+00    0.3771262856E+00    0.3937459501E+02    0.0000000000E+00    0.2680000000E+03   -0.1000000000E+01    0.3731343284E-02
   260    0.3810847723E+00    0.3774389244E+00    0.3937480968E+02    0.0000000000E+00    0.2490000000E+03   -0.1000000000E+01    0.4016064257E-02
   261    0.3805497346E+00    0.3772218220E+00    0.3937449197E+02    0.0000000000E+00    0.2750000000E+03   -0.1000000000E+01    0.3636363636E-02
   262    0.3816524425E+00    0.3770054231E+00    0.3937440906E+02    0.0000000000E+00    0.2830000000E+03   -0.1000000000E+01    0.3533568905E-02
   263    0.3818693263E+00    0.3777114647E+00    0.3937492125E+02    0.0000000000E+00    0.2350000000E+03   -0.1000000000E+01    0.4255319149E-02
   264    0.3807870453E+00    0.3768309911E+00    0.3937441389E+02    0.0000000000E+00    0.2820000000E+03   -0.1000000000E+01    0.3546099291E-02
   265    0.3812271345E+00    0.3771130782E+00    0.3937463694E+02    0.0000000000E+00    0.2640000000E+03   -0.1000000000E+01    0.3787878788E-02
   266    0.3806895446E+00    0.3774521319E+00    0.3937463376E+02    0.0000000000E+00    0.2650000000E+03   -0.1000000000E+01    0.3773584906E-02
   267    0.3798976809E+00    0.3773129102E+00    0.3937384050E+02    0.0000000000E+00    0.2940000000E+03   -0.1000000000E+01    0.3401360544E-02
   268    0.3821871002E+00    0.3756478534E+00    0.3937149786E+02    0.0000000000E+00    0.3240000000E+03   -0.1000000000E+01    0.3086419753E-02
   269    0.3824304259E+00    0.3779139604E+00    0.3937475777E+02    0.0000000000E+00    0.2550000000E+03   -0.1000000000E+01    0.3921568627E-02
   270    0.3825703664E+00    0.3779963702E+00    0.3937471391E+02    0.0000000000E+00    0.2590000000E+03   -0.1000000000E+01    0.3861003861E-02
   271    0.3821921943E+00    0.3773857429E+00    0.3937443481E+02    0.0000000000E+00    0.2780000000E+03   -0.1000000000E+01    0.3597122302E-02
   272    0.3807946158E+00    0.3777103825E+00    0.3937473616E+02    0.0000000000E+00    0.2570000000E+03   -0.1000000000E+01    0.3891050584E-02
   273    0.3810768136E+00    0.3773616146E+00    0.3937477363E+02    0.0000000000E+00    0.2530000000E+03   -0.1000000000E+01    0.3952569170E-02
   274    0.3809804757E+00    0.3771584303E+00    0.3937465037E+02    0.0000000000E+00    0.2620000000E+03   -0.1000000000E+01    0.3816793893E-02
   275    0.3817787471E+00    0.3774411498E+00    0.3937475337E+02    0.0000000000E+00    0.2560000000E+03   -0.1000000000E+01    0.3906250000E-02
   276    0.3811753515E+00    0.3777092393E+00    0.3937493088E+02    0.0000000000E+00    0.2330000000E+03   -0.1000000000E+01    0.4291845494E-02
   277    0.3811667845E+00    0.3767250114E+00    0.3937432046E+02    0.0000000000E+00    0.2860000000E+03   -0.1000000000E+01    0.3496503497E-02
   278    0.3792648684E+00    0.3762841197E+00    0.3937299249E+02    0.0000000000E+00    0.3030000000E+03   -0.1000000000E+01    0.3300330033E-02
   279    0.3815005812E+00    0.3466875163E+00    0.3902704336E+02    0.0000000000E+00    0.4510000000E+03   -0.1000000000E+01    0.2217294900E-02
   280    0.3814535174E+00    0.3777175459E+00    0.3937498686E+02    0.0000000000E+00    0.2150000000E+03   -0.1000000000E+01    0.4651162791E-02
   281    0.2822280017E+00    0.3774233915E+00    0.3511184726E+02    0.0000000000E+00    0.5440000000E+03   -0.1000000000E+01    0.1838235294E-02
   282    0.3807601693E+00    0.3776510208E+00    0.3937470771E+02    0.0000000000E+00    0.2600000000E+03   -0.1000000000E+01    0.3846153846E-02
   283    0.3809326222E+00    0.3770436064E+00    0.3937457538E+02    0.0000000000E+00    0.2700000000E+03   -0.1000000000E+01    0.3703703704E-02
   284    0.3815153502E+00    0.3770144140E+00    0.3937448417E+02    0.0000000000E+00    0.2760000000E+03   -0.1000000000E+01    0.3623188406E-02
   285    0.3809680371E+00    0.3770561672E+00    0.3937458879E+02    0.0000000000E+00    0.2690000000E+03   -0.1000000000E+01    0.3717472119E-02
   286    0.4452746755E+00    0.3770683053E+00    0.3749960553E+02    0.0000000000E+00    0.5150000000E+03   -0.1000000000E+01    0.1941747573E-02
   287    0.3791268730E+00    0.3678188105E+00    0.3934768505E+02    0.0000000000E+00    0.3620000000E+03   -0.1000000000E+01    0.2762430939E-02
   288    0.3780381429E+00    0.3802217148E+00    0.3936309919E+02    0.0000000000E+00    0.3530000000E+03   -0.1000000000E+01    0.2832861190E-02
   289    0.3810203580E+00    0.3775194980E+00    0.3937481948E+02    0.0000000000E+00    0.2480000000E+03   -0.1000000000E+01    0.4032258065E-02
   290    0.3808599442E+00    0.3768283726E+00    0.3937442380E+02    0.0000000000E+00    0.2790000000E+03   -0.1000000000E+01    0.3584229391E-02
   291    0.3815024196E+00    0.3777114369E+00    0.3937498557E+02    0.0000000000E+00    0.2180000000E+03   -0.1000000000E+01    0.4587155963E-02
   292    0.3811264494E+00    0.3777153483E+00    0.3937491538E+02    0.0000000000E+00    0.2370000000E+03   -0.1000000000E+01    0.4219409283E-02
   293    0.3810431840E+00    0.3777147750E+00    0.3937488053E+02    0.0000000000E+00    0.2450000000E+03   -0.1000000000E+01    0.4081632653E-02
   294    0.3815856850E+00    0.3777120102E+00    0.3937498286E+02    0.0000000000E+00    0.2210000000E+03   -0.1000000000E+01    0.4524886878E-02
   295    0.3851244579E+00    0.4384105170E+00    0.3825327529E+02    0.0000000000E+00    0.4910000000E+03   -0.1000000000E+01    0.2036659878E-02
   296    0.3839068266E+00    0.3782880456E+00    0.3937312334E+02    0.0000000000E+00    0.3000000000E+03   -0.1000000000E+01    0.3333333333E-02
   297    0.3804621072E+00    0.3971330027E+00    0.3924318293E+02    0.0000000000E+00    0.4200000000E+03   -0.1000000000E+01    0.2380952381E-02
   298    0.3261962381E+00    0.3768219205E+00    0.3793915397E+02    0.0000000000E+00    0.5000000000E+03   -0.1000000000E+01    0.2000000000E-02
   299    0.3815249551E+00    0.3777055896E+00    0.3937498257E+02    0.0000000000E+00    0.2220000000E+03   -0.1000000000E+01    0.4504504505E-02
   300    0.3811039138E+00    0.3777211956E+00    0.3937490804E+02    0.0000000000E+00    0.2390000000E+03   -0.1000000000E+01    0.4184100418E-02
   301    0.3812212280E+00    0.3780568459E+00    0.3937501131E+02    0.0000000000E+00    0.2090000000E+03   -0.1000000000E+01    0.4784688995E-02
   302    0.4238163100E+00    0.3773206355E+00    0.3852032440E+02    0.0000000000E+00    0.4760000000E+03   -0.1000000000E+01    0.2100840336E-02
   303    0.3835471681E+00    0.3774777429E+00    0.3937253814E+02    0.0000000000E+00    0.3060000000E+03   -0.1000000000E+01    0.3267973856E-02
   304    0.3813920171E+00    0.3776014175E+00    0.3937492998E+02    0.0000000000E+00    0.2340000000E+03   -0.1000000000E+01    0.4273504274E-02
   305    0.3827306813E+00    0.3775137281E+00    0.3937400355E+02    0.0000000000E+00    0.2910000000E+03   -0.1000000000E+01    0.3436426117E-02
   306    0.3805804784E+00    0.3778637534E+00    0.3937454653E+02    0.0000000000E+00    0.2720000000E+03   -0.1000000000E+01    0.3676470588E-02
   307    0.3812591132E+00    0.3779852042E+00    0.3937502032E+02    0.0000000000E+00    0.2010000000E+03   -0.1000000000E+01    0.4975124378E-02
   308    0.3815906888E+00    0.3768846909E+00    0.3937431446E+02    0.0000000000E+00    0.2870000000E+03   -0.1000000000E+01    0.3484320557E-02
   309    0.3814519427E+00    0.3774973152E+00    0.3937487347E+02    0.0000000000E+00    0.2460000000E+03   -0.1000000000E+01    0.4065040650E-02
   310    0.3814348937E+00    0.3775411577E+00    0.3937489930E+02    0.0000000000E+00    0.2420000000E+03   -0.1000000000E+01    0.4132231405E-02
   311    0.3818384570E+00    0.3777156353E+00    0.3937493453E+02    0.0000000000E+00    0.2320000000E+03   -0.1000000000E+01    0.4310344828E-02
   312    0.3822423463E+00    0.3777133753E+00    0.3937472213E+02    0.0000000000E+00    0.2580000000E+03   -0.1000000000E+01    0.3875968992E-02
   313    0.3814888252E+00    0.3777151393E+00    0.3937498713E+02    0.0000000000E+00    0.2140000000E+03   -0.1000000000E+01    0.4672897196E-02
   314    0.3814671118E+00    0.3777138434E+00    0.3937498587E+02    0.0000000000E+00    0.2170000000E+03   -0.1000000000E+01    0.4608294931E-02
   315    0.3812088269E+00    0.3780599900E+00    0.3937500548E+02    0.0000000000E+00    0.2120000000E+03   -0.1000000000E+01    0.4716981132E-02
   316    0.3812715144E+00    0.3779820601E+00    0.3937502475E+02    0.0000000000E+00    0.1980000000E+03   -0.1000000000E+01    0.5050505051E-02
   317    0.3849535910E+00    0.3767963517E+00    0.3936660685E+02    0.0000000000E+00    0.3460000000E+03   -0.1000000000E+01    0.2890173410E-02
   318    0.3230213943E+00    0.3774667187E+00    0.3775755782E+02    0.0000000000E+00    0.5070000000E+03   -0.1000000000E+01    0.1972386588E-02
   319    0.3814495126E+00    0.3776381196E+00    0.3937494973E+02    0.0000000000E+00    0.2290000000E+03   -0.1000000000E+01    0.4366812227E-02
   320    0.3815372876E+00    0.3776977433E+00    0.3937497833E+02    0.0000000000E+00    0.2240000000E+03   -0.1000000000E+01    0.4464285714E-02
   321    0.3812346368E+00    0.3780395013E+00    0.3937501618E+02    0.0000000000E+00    0.2060000000E+03   -0.1000000000E+01    0.4854368932E-02
   322    0.3812457044E+00    0.3780025488E+00    0.3937501709E+02    0.0000000000E+00    0.2030000000E+03   -0.1000000000E+01    0.4926108374E-02
   323    0.3817761053E+00    0.3777489639E+00    0.3937497328E+02    0.0000000000E+00    0.2260000000E+03   -0.1000000000E+01    0.4424778761E-02
   324    0.3816975046E+00    0.3778797715E+00    0.3937505656E+02    0.0000000000E+00    0.1880000000E+03   -0.1000000000E+01    0.5319148936E-02
   325    0.3812692694E+00    0.3780116850E+00    0.3937502806E+02    0.0000000000E+00    0.1960000000E+03   -0.1000000000E+01    0.5102040816E-02
   326    0.3381338981E+00    0.3780303651E+00    0.3845655839E+02    0.0000000000E+00    0.4810000000E+03   -0.1000000000E+01    0.2079002079E-02
   327    0.3812658506E+00    0.4498381220E+00    0.3764149170E+02    0.0000000000E+00    0.5120000000E+03   -0.1000000000E+01    0.1953125000E-02
   328    0.3812144907E+00    0.2783667751E+00    0.3595222584E+02    0.0000000000E+00    0.5380000000E+03   -0.1000000000E+01    0.1858736059E-02
   329    0.3814843880E+00    0.3773704921E+00    0.3937478794E+02    0.0000000000E+00    0.2510000000E+03   -0.1000000000E+01    0.3984063745E-02
   330    0.3814844797E+00    0.3773614679E+00    0.3937478161E+02    0.0000000000E+00    0.2520000000E+03   -0.1000000000E+01    0.3968253968E-02
   331    0.3812292123E+00    0.3780783413E+00    0.3937501662E+02    0.0000000000E+00    0.2050000000E+03   -0.1000000000E+01    0.4878048780E-02
   332    0.3812511290E+00    0.3113856463E+00    0.3782220044E+02    0.0000000000E+00    0.5030000000E+03   -0.1000000000E+01    0.1988071571E-02
   333    0.3812585331E+00    0.3779556101E+00    0.3937501555E+02    0.0000000000E+00    0.2070000000E+03   -0.1000000000E+01    0.4830917874E-02
   334    0.3812218081E+00    0.4504312450E+00    0.3761164900E+02    0.0000000000E+00    0.5130000000E+03   -0.1000000000E+01    0.1949317739E-02
   335    0.3814917963E+00    0.3777014311E+00    0.3937498076E+02    0.0000000000E+00    0.2230000000E+03   -0.1000000000E+01    0.4484304933E-02
   336    0.3814866763E+00    0.3777217044E+00    0.3937499009E+02    0.0000000000E+00    0.2130000000E+03   -0.1000000000E+01    0.4694835681E-02
   337    0.3814969629E+00    0.3777078278E+00    0.3937498383E+02    0.0000000000E+00    0.2190000000E+03   -0.1000000000E+01    0.4566210046E-02
   338    0.3815168175E+00    0.3777129011E+00    0.3937498624E+02    0.0000000000E+00    0.2160000000E+03   -0.1000000000E+01    0.4629629630E-02
   339    0.4301624439E+00    0.3776949410E+00    0.3826765415E+02    0.0000000000E+00    0.4900000000E+03   -0.1000000000E+01    0.2040816327E-02
   340    0.3815351421E+00    0.3776487682E+00    0.3937495307E+02    0.0000000000E+00    0.2280000000E+03   -0.1000000000E+01    0.4385964912E-02
   341    0.3817296360E+00    0.3778504182E+00    0.3937503857E+02    0.0000000000E+00    0.1920000000E+03   -0.1000000000E+01    0.5208333333E-02
   342    0.3812371381E+00    0.3780410383E+00    0.3937501747E+02    0.0000000000E+00    0.2020000000E+03   -0.1000000000E+01    0.4950495050E-02
   343    0.3811272141E+00    0.3776592433E+00    0.3937490043E+02    0.0000000000E+00    0.2410000000E+03   -0.1000000000E+01    0.4149377593E-02
   344    0.3814004497E+00    0.4534389862E+00    0.3747070529E+02    0.0000000000E+00    0.5170000000E+03   -0.1000000000E+01    0.1934235977E-02
   345    0.3813701056E+00    0.3780483354E+00    0.3937507062E+02    0.0000000000E+00    0.1780000000E+03   -0.1000000000E+01    0.5617977528E-02
   346    0.3813533515E+00    0.3774310399E+00    0.3937483874E+02    0.0000000000E+00    0.2470000000E+03   -0.1000000000E+01    0.4048582996E-02
   347    0.3814224355E+00    0.3779107691E+00    0.3937505329E+02    0.0000000000E+00    0.1890000000E+03   -0.1000000000E+01    0.5291005291E-02
   348    0.3815443385E+00    0.3779806874E+00    0.3937509366E+02    0.0000000000E+00    0.1700000000E+03   -0.1000000000E+01    0.5882352941E-02
   349    0.3812797102E+00    0.3776058587E+00    0.3937492010E+02    0.0000000000E+00    0.2360000000E+03   -0.1000000000E+01    0.4237288136E-02
   350    0.3815752442E+00    0.3781178366E+00    0.3937513557E+02    0.0000000000E+00    0.1470000000E+03   -0.1000000000E+01    0.6802721088E-02
   351    0.3814718592E+00    0.3777687993E+00    0.3937500991E+02    0.0000000000E+00    0.2100000000E+03   -0.1000000000E+01    0.4761904762E-02
   352    0.3816363448E+00    0.3778556601E+00    0.3937504953E+02    0.0000000000E+00    0.1900000000E+03   -0.1000000000E+01    0.5263157895E-02
   353    0.3810509747E+00    0.3779469486E+00    0.3937491400E+02    0.0000000000E+00    0.2380000000E+03   -0.1000000000E+01    0.4201680672E-02
   354    0.3309085895E+00    0.3779180270E+00    0.3814006406E+02    0.0000000000E+00    0.4960000000E+03   -0.1000000000E+01    0.2016129032E-02
   355    0.3812128046E+00    0.3780555189E+00    0.3937500714E+02    0.0000000000E+00    0.2110000000E+03   -0.1000000000E+01    0.4739336493E-02
   356    0.3812252345E+00    0.3780828124E+00    0.3937501494E+02    0.0000000000E+00    0.2080000000E+03   -0.1000000000E+01    0.4807692308E-02
   357    0.3814062979E+00    0.3779955392E+00    0.3937507118E+02    0.0000000000E+00    0.1770000000E+03   -0.1000000000E+01    0.5649717514E-02
   358    0.3813974589E+00    0.3779763744E+00    0.3937506454E+02    0.0000000000E+00    0.1810000000E+03   -0.1000000000E+01    0.5524861878E-02
   359    0.3812655886E+00    0.3780033655E+00    0.3937502546E+02    0.0000000000E+00    0.1970000000E+03   -0.1000000000E+01    0.5076142132E-02
   360    0.3812627941E+00    0.3779935237E+00    0.3937502297E+02    0.0000000000E+00    0.1990000000E+03   -0.1000000000E+01    0.5025125628E-02
   361    0.3814547762E+00    0.3781212895E+00    0.3937510872E+02    0.0000000000E+00    0.1640000000E+03   -0.1000000000E+01    0.6097560976E-02
   362    0.3816128339E+00    0.3778068174E+00    0.3937502811E+02    0.0000000000E+00    0.1950000000E+03   -0.1000000000E+01    0.5128205128E-02
   363    0.3815577743E+00    0.3780109671E+00    0.3937510452E+02    0.0000000000E+00    0.1650000000E+03   -0.1000000000E+01    0.6060606061E-02
   364    0.3815618085E+00    0.3780875569E+00    0.3937512602E+02    0.0000000000E+00    0.1550000000E+03   -0.1000000000E+01    0.6451612903E-02
   365    0.3816339343E+00    0.3780325735E+00    0.3937511834E+02    0.0000000000E+00    0.1590000000E+03   -0.1000000000E+01    0.6289308176E-02
   366    0.3813476078E+00    0.3780808022E+00    0.3937506750E+02    0.0000000000E+00    0.1800000000E+03   -0.1000000000E+01    0.5555555556E-02
   367    0.3814725526E+00    0.3388739249E+00    0.3883388897E+02    0.0000000000E+00    0.4640000000E+03   -0.1000000000E+01    0.2155172414E-02
   368    0.3815543858E+00    0.3776597783E+00    0.3937495762E+02    0.0000000000E+00    0.2270000000E+03   -0.1000000000E+01    0.4405286344E-02
   369    0.3816576507E+00    0.3779668530E+00    0.3937509561E+02    0.0000000000E+00    0.1670000000E+03   -0.1000000000E+01    0.5988023952E-02
   370    0.3815539383E+00    0.3105639670E+00    0.3777124401E+02    0.0000000000E+00    0.5050000000E+03   -0.1000000000E+01    0.1980198020E-02
   371    0.3814759332E+00    0.3778237301E+00    0.3937503206E+02    0.0000000000E+00    0.1940000000E+03   -0.1000000000E+01    0.5154639175E-02
   372    0.3981288252E+00    0.3780292369E+00    0.3924393194E+02    0.0000000000E+00    0.4190000000E+03   -0.1000000000E+01    0.2386634845E-02
   373    0.3815766457E+00    0.3209630150E+00    0.3822428196E+02    0.0000000000E+00    0.4930000000E+03   -0.1000000000E+01    0.2028397566E-02
   374    0.3815429371E+00    0.3781188062E+00    0.3937512982E+02    0.0000000000E+00    0.1540000000E+03   -0.1000000000E+01    0.6493506494E-02
   375    0.4127118161E+00    0.3779923199E+00    0.3891389515E+02    0.0000000000E+00    0.4610000000E+03   -0.1000000000E+01    0.2169197397E-02
   376    0.3813521182E+00    0.3780149042E+00    0.3937505901E+02    0.0000000000E+00    0.1860000000E+03   -0.1000000000E+01    0.5376344086E-02
   377    0.3815299727E+00    0.3783142773E+00    0.3937515468E+02    0.0000000000E+00    0.1300000000E+03   -0.1000000000E+01    0.7692307692E-02
   378    0.3815319479E+00    0.3775252637E+00    0.3937488227E+02    0.0000000000E+00    0.2440000000E+03   -0.1000000000E+01    0.4098360656E-02
   379    0.3814906583E+00    0.3779055518E+00    0.3937506283E+02    0.0000000000E+00    0.1820000000E+03   -0.1000000000E+01    0.5494505495E-02
   380    0.3810469927E+00    0.3777631013E+00    0.3937489144E+02    0.0000000000E+00    0.2430000000E+03   -0.1000000000E+01    0.4115226337E-02
   381    0.3816148961E+00    0.3780919059E+00    0.3937513455E+02    0.0000000000E+00    0.1490000000E+03   -0.1000000000E+01    0.6711409396E-02
   382    0.3813304537E+00    0.3780742661E+00    0.3937506021E+02    0.0000000000E+00    0.1850000000E+03   -0.1000000000E+01    0.5405405405E-02
   383    0.3815534055E+00    0.3779780871E+00    0.3937509387E+02    0.0000000000E+00    0.1690000000E+03   -0.1000000000E+01    0.5917159763E-02
   384    0.3812565216E+00    0.3780059658E+00    0.3937502207E+02    0.0000000000E+00    0.2000000000E+03   -0.1000000000E+01    0.5000000000E-02
   385    0.3814993915E+00    0.3779796498E+00    0.3937508700E+02    0.0000000000E+00    0.1740000000E+03   -0.1000000000E+01    0.5747126437E-02
   386    0.3811886326E+00    0.3779344848E+00    0.3937498346E+02    0.0000000000E+00    0.2200000000E+03   -0.1000000000E+01    0.4545454545E-02
   387    0.3816494272E+00    0.3781900099E+00    0.3937516362E+02    0.0000000000E+00    0.1210000000E+03   -0.1000000000E+01    0.8264462810E-02
   388    0.3814954417E+00    0.3782161733E+00    0.3937513424E+02    0.0000000000E+00    0.1500000000E+03   -0.1000000000E+01    0.6666666667E-02
   389    0.3815044397E+00    0.3316021205E+00    0.3861405702E+02    0.0000000000E+00    0.4720000000E+03   -0.1000000000E+01    0.2118644068E-02
   390    0.3812495159E+00    0.3779899873E+00    0.3937501706E+02    0.0000000000E+00    0.2040000000E+03   -0.1000000000E+01    0.4901960784E-02
   391    0.3815083007E+00    0.3783994626E+00    0.3937515010E+02    0.0000000000E+00    0.1360000000E+03   -0.1000000000E+01    0.7352941176E-02
   392    0.3816556064E+00    0.3779473882E+00    0.3937508798E+02    0.0000000000E+00    0.1730000000E+03   -0.1000000000E+01    0.5780346821E-02
   393    0.3815746114E+00    0.3780283286E+00    0.3937511171E+02    0.0000000000E+00    0.1620000000E+03   -0.1000000000E+01    0.6172839506E-02
   394    0.4256958666E+00    0.3784037853E+00    0.3847350746E+02    0.0000000000E+00    0.4800000000E+03   -0.1000000000E+01    0.2083333333E-02
   395    0.3815205860E+00    0.3782585742E+00    0.3937514671E+02    0.0000000000E+00    0.1380000000E+03   -0.1000000000E+01    0.7246376812E-02
   396    0.3815846309E+00    0.3781735397E+00    0.3937514943E+02    0.0000000000E+00    0.1370000000E+03   -0.1000000000E+01    0.7299270073E-02
   397    0.3816507767E+00    0.3781064931E+00    0.3937514228E+02    0.0000000000E+00    0.1440000000E+03   -0.1000000000E+01    0.6944444444E-02
   398    0.3815686825E+00    0.3779479168E+00    0.3937508524E+02    0.0000000000E+00    0.1760000000E+03   -0.1000000000E+01    0.5681818182E-02
   399    0.3816243983E+00    0.3781285658E+00    0.3937514545E+02    0.0000000000E+00    0.1400000000E+03   -0.1000000000E+01    0.7142857143E-02
   400    0.3818067001E+00    0.3781933470E+00    0.3937517415E+02    0.0000000000E+00    0.1120000000E+03   -0.1000000000E+01    0.8928571429E-02
   401    0.3815626384E+00    0.3778168489E+00    0.3937503370E+02    0.0000000000E+00    0.1930000000E+03   -0.1000000000E+01    0.5181347150E-02
   402    0.3814636066E+00    0.3776117287E+00    0.3937493639E+02    0.0000000000E+00    0.2310000000E+03   -0.1000000000E+01    0.4329004329E-02
   403    0.3813500949E+00    0.3780818548E+00    0.3937506856E+02    0.0000000000E+00    0.1790000000E+03   -0.1000000000E+01    0.5586592179E-02
   404    0.3813504644E+00    0.3780407467E+00    0.3937506278E+02    0.0000000000E+00    0.1830000000E+03   -0.1000000000E+01    0.5464480874E-02
   405    0.3810511550E+00    0.3778434218E+00    0.3937490531E+02    0.0000000000E+00    0.2400000000E+03   -0.1000000000E+01    0.4166666667E-02
   406    0.3817988170E+00    0.3780044339E+00    0.3937510297E+02    0.0000000000E+00    0.1660000000E+03   -0.1000000000E+01    0.6024096386E-02
   407    0.3564797068E+00    0.3778436985E+00    0.3906571242E+02    0.0000000000E+00    0.4490000000E+03   -0.1000000000E+01    0.2227171492E-02
   408    0.3816315883E+00    0.4543918675E+00    0.3743104641E+02    0.0000000000E+00    0.5180000000E+03   -0.1000000000E+01    0.1930501931E-02
   409    0.3815431255E+00    0.3783644848E+00    0.3937516211E+02    0.0000000000E+00    0.1250000000E+03   -0.1000000000E+01    0.8000000000E-02
   410    0.3815725294E+00    0.3783537187E+00    0.3937517103E+02    0.0000000000E+00    0.1140000000E+03   -0.1000000000E+01    0.8771929825E-02
   411    0.3816505269E+00    0.3781473519E+00    0.3937515338E+02    0.0000000000E+00    0.1320000000E+03   -0.1000000000E+01    0.7575757576E-02
   412    0.3818138239E+00    0.4308986247E+00    0.3844502840E+02    0.0000000000E+00    0.4830000000E+03   -0.1000000000E+01    0.2070393375E-02
   413    0.3663241015E+00    0.3781656948E+00    0.3925778213E+02    0.0000000000E+00    0.4120000000E+03   -0.1000000000E+01    0.2427184466E-02
   414    0.3816157016E+00    0.3781528809E+00    0.3937515021E+02    0.0000000000E+00    0.1350000000E+03   -0.1000000000E+01    0.7407407407E-02
   415    0.3818030086E+00    0.3781916762E+00    0.3937517367E+02    0.0000000000E+00    0.1130000000E+03   -0.1000000000E+01    0.8849557522E-02
   416    0.3816531187E+00    0.3781916807E+00    0.3937516451E+02    0.0000000000E+00    0.1190000000E+03   -0.1000000000E+01    0.8403361345E-02
   417    0.3815593500E+00    0.3780304017E+00    0.3937511040E+02    0.0000000000E+00    0.1630000000E+03   -0.1000000000E+01    0.6134969325E-02
   418    0.3815602328E+00    0.3780681223E+00    0.3937512083E+02    0.0000000000E+00    0.1580000000E+03   -0.1000000000E+01    0.6329113924E-02
   419    0.3815022607E+00    0.3782092666E+00    0.3937513541E+02    0.0000000000E+00    0.1480000000E+03   -0.1000000000E+01    0.6756756757E-02
   420    0.3815137670E+00    0.3782654810E+00    0.3937514530E+02    0.0000000000E+00    0.1410000000E+03   -0.1000000000E+01    0.7092198582E-02
   421    0.3818667472E+00    0.3781895470E+00    0.3937517014E+02    0.0000000000E+00    0.1150000000E+03   -0.1000000000E+01    0.8695652174E-02
   422    0.3815893801E+00    0.3781938100E+00    0.3937515434E+02    0.0000000000E+00    0.1310000000E+03   -0.1000000000E+01    0.7633587786E-02
   423    0.3816035311E+00    0.3776381303E+00    0.3937494027E+02    0.0000000000E+00    0.2300000000E+03   -0.1000000000E+01    0.4347826087E-02
   424    0.3815636886E+00    0.3778284654E+00    0.3937503872E+02    0.0000000000E+00    0.1910000000E+03   -0.1000000000E+01    0.5235602094E-02
   425    0.3815954136E+00    0.3780516266E+00    0.3937512093E+02    0.0000000000E+00    0.1570000000E+03   -0.1000000000E+01    0.6369426752E-02
   426    0.3816041135E+00    0.3782138190E+00    0.3937516101E+02    0.0000000000E+00    0.1260000000E+03   -0.1000000000E+01    0.7936507937E-02
   427    0.3814674452E+00    0.3992682475E+00    0.3922553949E+02    0.0000000000E+00    0.4260000000E+03   -0.1000000000E+01    0.2347417840E-02
   428    0.3818519578E+00    0.3783004000E+00    0.3937520525E+02    0.0000000000E+00    0.9700000000E+02   -0.1000000000E+01    0.1030927835E-01
   429    0.3816164800E+00    0.3784659818E+00    0.3937519011E+02    0.0000000000E+00    0.1020000000E+03   -0.1000000000E+01    0.9803921569E-02
   430    0.3815257550E+00    0.3779660542E+00    0.3937508679E+02    0.0000000000E+00    0.1750000000E+03   -0.1000000000E+01    0.5714285714E-02
   431    0.3816903338E+00    0.3781244227E+00    0.3937515042E+02    0.0000000000E+00    0.1340000000E+03   -0.1000000000E+01    0.7462686567E-02
   432    0.3817671430E+00    0.3781754175E+00    0.3937516860E+02    0.0000000000E+00    0.1160000000E+03   -0.1000000000E+01    0.8620689655E-02
   433    0.3813328912E+00    0.3780759676E+00    0.3937506136E+02    0.0000000000E+00    0.1840000000E+03   -0.1000000000E+01    0.5434782609E-02
   434    0.3815774365E+00    0.3780740094E+00    0.3937512492E+02    0.0000000000E+00    0.1560000000E+03   -0.1000000000E+01    0.6410256410E-02
   435    0.3815452065E+00    0.3784975455E+00    0.3937516313E+02    0.0000000000E+00    0.1230000000E+03   -0.1000000000E+01    0.8130081301E-02
   436    0.3819232314E+00    0.3782688364E+00    0.3937519279E+02    0.0000000000E+00    0.1010000000E+03   -0.1000000000E+01    0.9900990099E-02
   437    0.3816518753E+00    0.3781681149E+00    0.3937515876E+02    0.0000000000E+00    0.1280000000E+03   -0.1000000000E+01    0.7812500000E-02
   438    0.3815832825E+00    0.3781527766E+00    0.3937514484E+02    0.0000000000E+00    0.1420000000E+03   -0.1000000000E+01    0.7042253521E-02
   439    0.3815581155E+00    0.3780494683E+00    0.3937511554E+02    0.0000000000E+00    0.1600000000E+03   -0.1000000000E+01    0.6250000000E-02
   440    0.3552957095E+00    0.3781251471E+00    0.3903201307E+02    0.0000000000E+00    0.4500000000E+03   -0.1000000000E+01    0.2222222222E-02
   441    0.3817805226E+00    0.3785440750E+00    0.3937523772E+02    0.0000000000E+00    0.6600000000E+02   -0.1000000000E+01    0.1515151515E-01
   442    0.4574716119E+00    0.3782223069E+00    0.3683113123E+02    0.0000000000E+00    0.5280000000E+03   -0.1000000000E+01    0.1893939394E-02
   443    0.3818503191E+00    0.4720145174E+00    0.3646258822E+02    0.0000000000E+00    0.5320000000E+03   -0.1000000000E+01    0.1879699248E-02
   444    0.3818083388E+00    0.3783449142E+00    0.3937521440E+02    0.0000000000E+00    0.8400000000E+02   -0.1000000000E+01    0.1190476190E-01
   445    0.3816058162E+00    0.3784189284E+00    0.3937518516E+02    0.0000000000E+00    0.1070000000E+03   -0.1000000000E+01    0.9345794393E-02
   446    0.3815708267E+00    0.3781486094E+00    0.3937514164E+02    0.0000000000E+00    0.1450000000E+03   -0.1000000000E+01    0.6896551724E-02
   447    0.3817129992E+00    0.3779571716E+00    0.3937509003E+02    0.0000000000E+00    0.1720000000E+03   -0.1000000000E+01    0.5813953488E-02
   448    0.3812535758E+00    0.3785906650E+00    0.3937497703E+02    0.0000000000E+00    0.2250000000E+03   -0.1000000000E+01    0.4444444444E-02
   449    0.3816005452E+00    0.3781776123E+00    0.3937515320E+02    0.0000000000E+00    0.1330000000E+03   -0.1000000000E+01    0.7518796992E-02
   450    0.3818819036E+00    0.3781648155E+00    0.3937515969E+02    0.0000000000E+00    0.1270000000E+03   -0.1000000000E+01    0.7874015748E-02
   451    0.3818503349E+00    0.3781480497E+00    0.3937515636E+02    0.0000000000E+00    0.1290000000E+03   -0.1000000000E+01    0.7751937984E-02
   452    0.3814821202E+00    0.3780113515E+00    0.3937509245E+02    0.0000000000E+00    0.1710000000E+03   -0.1000000000E+01    0.5847953216E-02
   453    0.3813256548E+00    0.3780622737E+00    0.3937505686E+02    0.0000000000E+00    0.1870000000E+03   -0.1000000000E+01    0.5347593583E-02
   454    0.3816800465E+00    0.3779669694E+00    0.3937509542E+02    0.0000000000E+00    0.1680000000E+03   -0.1000000000E+01    0.5952380952E-02
   455    0.3816152281E+00    0.3784331381E+00    0.3937518871E+02    0.0000000000E+00    0.1040000000E+03   -0.1000000000E+01    0.9615384615E-02
   456    0.3818679991E+00    0.3782223907E+00    0.3937518133E+02    0.0000000000E+00    0.1110000000E+03   -0.1000000000E+01    0.9009009009E-02
   457    0.3819642108E+00    0.3782082370E+00    0.3937516562E+02    0.0000000000E+00    0.1170000000E+03   -0.1000000000E+01    0.8547008547E-02
   458    0.3127718611E+00    0.3783059821E+00    0.3715250812E+02    0.0000000000E+00    0.5230000000E+03   -0.1000000000E+01    0.1912045889E-02
   459    0.3816029744E+00    0.3784172652E+00    0.3937518419E+02    0.0000000000E+00    0.1080000000E+03   -0.1000000000E+01    0.9259259259E-02
   460    0.3817833644E+00    0.3785457382E+00    0.3937523842E+02    0.0000000000E+00    0.6100000000E+02   -0.1000000000E+01    0.1639344262E-01
   461    0.3818125320E+00    0.3783267284E+00    0.3937521064E+02    0.0000000000E+00    0.9100000000E+02   -0.1000000000E+01    0.1098901099E-01
   462    0.3818424345E+00    0.3781653478E+00    0.3937516327E+02    0.0000000000E+00    0.1220000000E+03   -0.1000000000E+01    0.8196721311E-02
   463    0.3818006894E+00    0.3782961181E+00    0.3937520280E+02    0.0000000000E+00    0.9800000000E+02   -0.1000000000E+01    0.1020408163E-01
   464    0.3817881721E+00    0.3785928711E+00    0.3937524167E+02    0.0000000000E+00    0.5000000000E+02   -0.1000000000E+01    0.2000000000E-01
   465    0.3963264293E+00    0.3780029819E+00    0.3927074562E+02    0.0000000000E+00    0.4060000000E+03   -0.1000000000E+01    0.2463054187E-02
   466    0.3816574686E+00    0.3780156140E+00    0.3937511362E+02    0.0000000000E+00    0.1610000000E+03   -0.1000000000E+01    0.6211180124E-02
   467    0.3815143111E+00    0.3782188123E+00    0.3937514014E+02    0.0000000000E+00    0.1460000000E+03   -0.1000000000E+01    0.6849315068E-02
   468    0.4652636628E+00    0.3784879997E+00    0.3634457907E+02    0.0000000000E+00    0.5340000000E+03   -0.1000000000E+01    0.1872659176E-02
   469    0.3817815407E+00    0.3783447176E+00    0.3937521210E+02    0.0000000000E+00    0.8800000000E+02   -0.1000000000E+01    0.1136363636E-01
   470    0.3818073207E+00    0.4330875088E+00    0.3836589189E+02    0.0000000000E+00    0.4870000000E+03   -0.1000000000E+01    0.2053388090E-02
   471    0.3816511654E+00    0.3783246952E+00    0.3937518850E+02    0.0000000000E+00    0.1050000000E+03   -0.1000000000E+01    0.9523809524E-02
   472    0.3818160205E+00    0.3784088430E+00    0.3937522743E+02    0.0000000000E+00    0.7500000000E+02   -0.1000000000E+01    0.1333333333E-01
   473    0.4636086005E+00    0.3782629885E+00    0.3644319921E+02    0.0000000000E+00    0.5330000000E+03   -0.1000000000E+01    0.1876172608E-02
   474    0.3818833135E+00    0.3088302938E+00    0.3767441197E+02    0.0000000000E+00    0.5090000000E+03   -0.1000000000E+01    0.1964636542E-02
   475    0.3815351638E+00    0.3781427987E+00    0.3937513309E+02    0.0000000000E+00    0.1510000000E+03   -0.1000000000E+01    0.6622516556E-02
   476    0.3819972667E+00    0.3781693687E+00    0.3937514304E+02    0.0000000000E+00    0.1430000000E+03   -0.1000000000E+01    0.6993006993E-02
   477    0.3817089037E+00    0.3785458341E+00    0.3937521996E+02    0.0000000000E+00    0.8000000000E+02   -0.1000000000E+01    0.1250000000E-01
   478    0.3816880990E+00    0.3784642227E+00    0.3937521106E+02    0.0000000000E+00    0.8900000000E+02   -0.1000000000E+01    0.1123595506E-01
   479    0.3817967017E+00    0.3784415654E+00    0.3937523027E+02    0.0000000000E+00    0.7300000000E+02   -0.1000000000E+01    0.1369863014E-01
   480    0.3815990490E+00    0.3785356476E+00    0.3937518320E+02    0.0000000000E+00    0.1090000000E+03   -0.1000000000E+01    0.9174311927E-02
   481    0.3817813319E+00    0.3785446935E+00    0.3937523793E+02    0.0000000000E+00    0.6400000000E+02   -0.1000000000E+01    0.1562500000E-01
   482    0.4285220495E+00    0.3785451196E+00    0.3836139043E+02    0.0000000000E+00    0.4880000000E+03   -0.1000000000E+01    0.2049180328E-02
   483    0.3817797484E+00    0.3784984016E+00    0.3937523410E+02    0.0000000000E+00    0.7100000000E+02   -0.1000000000E+01    0.1408450704E-01
   484    0.3816965227E+00    0.3785586922E+00    0.3937521644E+02    0.0000000000E+00    0.8300000000E+02   -0.1000000000E+01    0.1204819277E-01
   485    0.3817825722E+00    0.3785458583E+00    0.3937523827E+02    0.0000000000E+00    0.6200000000E+02   -0.1000000000E+01    0.1612903226E-01
   486    0.3817813149E+00    0.3785439549E+00    0.3937523788E+02    0.0000000000E+00    0.6500000000E+02   -0.1000000000E+01    0.1538461538E-01
   487    0.3818104256E+00    0.3783130077E+00    0.3937520733E+02    0.0000000000E+00    0.9600000000E+02   -0.1000000000E+01    0.1041666667E-01
   488    0.3817986025E+00    0.3783280246E+00    0.3937521005E+02    0.0000000000E+00    0.9300000000E+02   -0.1000000000E+01    0.1075268817E-01
   489    0.3817993121E+00    0.3784007315E+00    0.3937522427E+02    0.0000000000E+00    0.7700000000E+02   -0.1000000000E+01    0.1298701299E-01
   490    0.3817855617E+00    0.3786337050E+00    0.3937524170E+02    0.0000000000E+00    0.4900000000E+02   -0.1000000000E+01    0.2040816327E-01
   491    0.3818073545E+00    0.3783390175E+00    0.3937521306E+02    0.0000000000E+00    0.8700000000E+02   -0.1000000000E+01    0.1149425287E-01
   492    0.3818135162E+00    0.3601670742E+00    0.3925717822E+02    0.0000000000E+00    0.4130000000E+03   -0.1000000000E+01    0.2421307506E-02
   493    0.3816100852E+00    0.3782171275E+00    0.3937516278E+02    0.0000000000E+00    0.1240000000E+03   -0.1000000000E+01    0.8064516129E-02
   494    0.3815047711E+00    0.3781792971E+00    0.3937513190E+02    0.0000000000E+00    0.1520000000E+03   -0.1000000000E+01    0.6578947368E-02
   495    0.3815950435E+00    0.3781465739E+00    0.3937514550E+02    0.0000000000E+00    0.1390000000E+03   -0.1000000000E+01    0.7194244604E-02
   496    0.3815234028E+00    0.3781490014E+00    0.3937513157E+02    0.0000000000E+00    0.1530000000E+03   -0.1000000000E+01    0.6535947712E-02
   497    0.3817935308E+00    0.3786426708E+00    0.3937524377E+02    0.0000000000E+00    0.4200000000E+02   -0.1000000000E+01    0.2380952381E-01
   498    0.3890019499E+00    0.3782281326E+00    0.3934991817E+02    0.0000000000E+00    0.3600000000E+03   -0.1000000000E+01    0.2777777778E-02
   499    0.3817833266E+00    0.3785576517E+00    0.3937523909E+02    0.0000000000E+00    0.5900000000E+02   -0.1000000000E+01    0.1694915254E-01
   500    0.3817882099E+00    0.3785809575E+00    0.3937524125E+02    0.0000000000E+00    0.5100000000E+02   -0.1000000000E+01    0.1960784314E-01
   501    0.3816155414E+00    0.3785679426E+00    0.3937518815E+02    0.0000000000E+00    0.1060000000E+03   -0.1000000000E+01    0.9433962264E-02
   502    0.3815987357E+00    0.3784008432E+00    0.3937518205E+02    0.0000000000E+00    0.1100000000E+03   -0.1000000000E+01    0.9090909091E-02
   503    0.3818082958E+00    0.3786126632E+00    0.3937524689E+02    0.0000000000E+00    0.3300000000E+02   -0.1000000000E+01    0.3030303030E-01
   504    0.3817834075E+00    0.3782779893E+00    0.3937519745E+02    0.0000000000E+00    0.1000000000E+03   -0.1000000000E+01    0.1000000000E-01
   505    0.3817813596E+00    0.3785227452E+00    0.3937523644E+02    0.0000000000E+00    0.6900000000E+02   -0.1000000000E+01    0.1449275362E-01
   506    0.3818006616E+00    0.3783180665E+00    0.3937520795E+02    0.0000000000E+00    0.9500000000E+02   -0.1000000000E+01    0.1052631579E-01
   507    0.3817805791E+00    0.3786203868E+00    0.3937524034E+02    0.0000000000E+00    0.5600000000E+02   -0.1000000000E+01    0.1785714286E-01
   508    0.3818132784E+00    0.3786259814E+00    0.3937524837E+02    0.0000000000E+00    0.2300000000E+02   -0.1000000000E+01    0.4347826087E-01
   509    0.4031869723E+00    0.3783973098E+00    0.3915644540E+02    0.0000000000E+00    0.4410000000E+03   -0.1000000000E+01    0.2267573696E-02
   510    0.3818155449E+00    0.3785562267E+00    0.3937524552E+02    0.0000000000E+00    0.3900000000E+02   -0.1000000000E+01    0.2564102564E-01
   511    0.3818202078E+00    0.3785756936E+00    0.3937524771E+02    0.0000000000E+00    0.2800000000E+02   -0.1000000000E+01    0.3571428571E-01
   512    0.3780901733E+00    0.4097467417E+00    0.3897529673E+02    0.0000000000E+00    0.4560000000E+03   -0.1000000000E+01    0.2192982456E-02
   513    0.3818096574E+00    0.4450433089E+00    0.3787999919E+02    0.0000000000E+00    0.5020000000E+03   -0.1000000000E+01    0.1992031873E-02
   514    0.3819628491E+00    0.3784670875E+00    0.3937524552E+02    0.0000000000E+00    0.3800000000E+02   -0.1000000000E+01    0.2631578947E-01
   515    0.3817924455E+00    0.3785814653E+00    0.3937524223E+02    0.0000000000E+00    0.4600000000E+02   -0.1000000000E+01    0.2173913043E-01
   516    0.3817836575E+00    0.3786070638E+00    0.3937524094E+02    0.0000000000E+00    0.5400000000E+02   -0.1000000000E+01    0.1851851852E-01
   517    0.3815486819E+00    0.3784770929E+00    0.3937516527E+02    0.0000000000E+00    0.1180000000E+03   -0.1000000000E+01    0.8474576271E-02
   518    0.3818625883E+00    0.3785528354E+00    0.3937525284E+02    0.0000000000E+00    0.1000000000E+02   -0.1000000000E+01    0.1000000000E+00
   519    0.4157576016E+00    0.3784330999E+00    0.3882976543E+02    0.0000000000E+00    0.4650000000E+03   -0.1000000000E+01    0.2150537634E-02
   520    0.3817584395E+00    0.3784829677E+00    0.3937522857E+02    0.0000000000E+00    0.7400000000E+02   -0.1000000000E+01    0.1351351351E-01
   521    0.3817893180E+00    0.3786019111E+00    0.3937524220E+02    0.0000000000E+00    0.4700000000E+02   -0.1000000000E+01    0.2127659574E-01
   522    0.3818071876E+00    0.3785917096E+00    0.3937524589E+02    0.0000000000E+00    0.3600000000E+02   -0.1000000000E+01    0.2777777778E-01
   523    0.3817779519E+00    0.3783363919E+00    0.3937521009E+02    0.0000000000E+00    0.9200000000E+02   -0.1000000000E+01    0.1086956522E-01
   524    0.3818029009E+00    0.3784090571E+00    0.3937522607E+02    0.0000000000E+00    0.7600000000E+02   -0.1000000000E+01    0.1315789474E-01
   525    0.4787930919E+00    0.3783454465E+00    0.3540415920E+02    0.0000000000E+00    0.5430000000E+03   -0.1000000000E+01    0.1841620626E-02
   526    0.3817870621E+00    0.3786362425E+00    0.3937524209E+02    0.0000000000E+00    0.4800000000E+02   -0.1000000000E+01    0.2083333333E-01
   527    0.3817925964E+00    0.3786368404E+00    0.3937524352E+02    0.0000000000E+00    0.4300000000E+02   -0.1000000000E+01    0.2325581395E-01
   528    0.3818092301E+00    0.3786184935E+00    0.3937524726E+02    0.0000000000E+00    0.3200000000E+02   -0.1000000000E+01    0.3125000000E-01
   529    0.3817901829E+00    0.3783278081E+00    0.3937520937E+02    0.0000000000E+00    0.9400000000E+02   -0.1000000000E+01    0.1063829787E-01
   530    0.3817756111E+00    0.3784941771E+00    0.3937523293E+02    0.0000000000E+00    0.7200000000E+02   -0.1000000000E+01    0.1388888889E-01
   531    0.3999704830E+00    0.3786041649E+00    0.3921934675E+02    0.0000000000E+00    0.4280000000E+03   -0.1000000000E+01    0.2336448598E-02
   532    0.3818318570E+00    0.3785746520E+00    0.3937524981E+02    0.0000000000E+00    0.1700000000E+02   -0.1000000000E+01    0.5882352941E-01
   533    0.3817835645E+00    0.3786127114E+00    0.3937524101E+02    0.0000000000E+00    0.5300000000E+02   -0.1000000000E+01    0.1886792453E-01
   534    0.3818882539E+00    0.3199038600E+00    0.3817011267E+02    0.0000000000E+00    0.4950000000E+03   -0.1000000000E+01    0.2020202020E-02
   535    0.3818075108E+00    0.3784767041E+00    0.3937523643E+02    0.0000000000E+00    0.7000000000E+02   -0.1000000000E+01    0.1428571429E-01
   536    0.3817924454E+00    0.4705538819E+00    0.3654792376E+02    0.0000000000E+00    0.5290000000E+03   -0.1000000000E+01    0.1890359168E-02
   537    0.3818392738E+00    0.3785777306E+00    0.3937525135E+02    0.0000000000E+00    0.1400000000E+02   -0.1000000000E+01    0.7142857143E-01
   538    0.4283616371E+00    0.3786119452E+00    0.3836990307E+02    0.0000000000E+00    0.4860000000E+03   -0.1000000000E+01    0.2057613169E-02
   539    0.3817824562E+00    0.3786286396E+00    0.3937524087E+02    0.0000000000E+00    0.5500000000E+02   -0.1000000000E+01    0.1818181818E-01
   540    0.3817825331E+00    0.3785231177E+00    0.3937523670E+02    0.0000000000E+00    0.6700000000E+02   -0.1000000000E+01    0.1492537313E-01
   541    0.3818120451E+00    0.4768241251E+00    0.3616451741E+02    0.0000000000E+00    0.5370000000E+03   -0.1000000000E+01    0.1862197393E-02
   542    0.3818319028E+00    0.3785552808E+00    0.3937524835E+02    0.0000000000E+00    0.2400000000E+02   -0.1000000000E+01    0.4166666667E-01
   543    0.3818033695E+00    0.3783739331E+00    0.3937521985E+02    0.0000000000E+00    0.8100000000E+02   -0.1000000000E+01    0.1234567901E-01
   544    0.3817774833E+00    0.3783715160E+00    0.3937521670E+02    0.0000000000E+00    0.8200000000E+02   -0.1000000000E+01    0.1219512195E-01
   545    0.3815453155E+00    0.3784630292E+00    0.3937516426E+02    0.0000000000E+00    0.1200000000E+03   -0.1000000000E+01    0.8333333333E-02
   546    0.3817727340E+00    0.3783422493E+00    0.3937521072E+02    0.0000000000E+00    0.9000000000E+02   -0.1000000000E+01    0.1111111111E-01
   547    0.3817972987E+00    0.3786251327E+00    0.3937524458E+02    0.0000000000E+00    0.4100000000E+02   -0.1000000000E+01    0.2439024390E-01
   548    0.3580943433E+00    0.4062621619E+00    0.3850097327E+02    0.0000000000E+00    0.4770000000E+03   -0.1000000000E+01    0.2096436059E-02
   549    0.3816511875E+00    0.3784526777E+00    0.3937520035E+02    0.0000000000E+00    0.9900000000E+02   -0.1000000000E+01    0.1010101010E-01
   550    0.3818751601E+00    0.3785008430E+00    0.3937524789E+02    0.0000000000E+00    0.2700000000E+02   -0.1000000000E+01    0.3703703704E-01
   551    0.3816402578E+00    0.3162819035E+00    0.3802651542E+02    0.0000000000E+00    0.4980000000E+03   -0.1000000000E+01    0.2008032129E-02
   552    0.4020811980E+00    0.3785290512E+00    0.3917996563E+02    0.0000000000E+00    0.4390000000E+03   -0.1000000000E+01    0.2277904328E-02
   553    0.3817776931E+00    0.3782465557E+00    0.3937518917E+02    0.0000000000E+00    0.1030000000E+03    0.8000000000E+01    0.9708737864E-02
   554    0.3817839163E+00    0.3786969000E+00    0.3937523994E+02    0.0000000000E+00    0.5800000000E+02    0.1600000000E+02    0.1724137931E-01
   555    0.4633152363E+00    0.3785635714E+00    0.3647518166E+02    0.0000000000E+00    0.5310000000E+03    0.1000000000E+01    0.1883239171E-02
   556    0.3818288060E+00    0.3785669947E+00    0.3937524872E+02    0.0000000000E+00    0.2100000000E+02    0.3100000000E+02    0.4761904762E-01
   557    0.3819173035E+00    0.3785115815E+00    0.3937525283E+02    0.0000000000E+00    0.1100000000E+02    0.3900000000E+02    0.9090909091E-01
   558    0.3819142666E+00    0.3785127316E+00    0.3937525282E+02    0.0000000000E+00    0.1200000000E+02    0.3800000000E+02    0.8333333333E-01
   559    0.3818087039E+00    0.3786252302E+00    0.3937524730E+02    0.0000000000E+00    0.3100000000E+02    0.2500000000E+02    0.3225806452E-01
   560    0.3818138046E+00    0.3786192447E+00    0.3937524832E+02    0.0000000000E+00    0.2500000000E+02    0.2900000000E+02    0.4000000000E-01
   561    0.3957383377E+00    0.3786211990E+00    0.3928407178E+02    0.0000000000E+00    0.4010000000E+03    0.7000000000E+01    0.2493765586E-02
   562    0.3660069090E+00    0.3786167276E+00    0.3924896490E+02    0.0000000000E+00    0.4160000000E+03    0.6000000000E+01    0.2403846154E-02
   563    0.3818196580E+00    0.3785745021E+00    0.3937524753E+02    0.0000000000E+00    0.2900000000E+02    0.2700000000E+02    0.3448275862E-01
   564    0.3818194324E+00    0.3785724883E+00    0.3937524736E+02    0.0000000000E+00    0.3000000000E+02    0.2600000000E+02    0.3333333333E-01
   565    0.3817903823E+00    0.3785527331E+00    0.3937524032E+02    0.0000000000E+00    0.5700000000E+02    0.1700000000E+02    0.1754385965E-01
   566    0.3818414880E+00    0.3786618380E+00    0.3937525539E+02    0.0000000000E+00    0.6000000000E+01    0.4300000000E+02    0.1666666667E+00
   567    0.3817964784E+00    0.3785084514E+00    0.3937523808E+02    0.0000000000E+00    0.6300000000E+02    0.1400000000E+02    0.1587301587E-01
   568    0.3817821689E+00    0.3785502099E+00    0.3937523843E+02    0.0000000000E+00    0.6000000000E+02    0.1500000000E+02    0.1666666667E-01
   569    0.3817920412E+00    0.3786858666E+00    0.3937524271E+02    0.0000000000E+00    0.4500000000E+02    0.1900000000E+02    0.2222222222E-01
   570    0.3818701810E+00    0.4132123090E+00    0.3896773626E+02    0.0000000000E+00    0.4570000000E+03    0.4000000000E+01    0.2188183807E-02
   571    0.3818581773E+00    0.3785829981E+00    0.3937525490E+02    0.0000000000E+00    0.8000000000E+01    0.4100000000E+02    0.1250000000E+00
   572    0.3818176893E+00    0.3785958187E+00    0.3937524829E+02    0.0000000000E+00    0.2600000000E+02    0.2800000000E+02    0.3846153846E-01
   573    0.3818353183E+00    0.3785616965E+00    0.3937524945E+02    0.0000000000E+00    0.1800000000E+02    0.3400000000E+02    0.5555555556E-01
   574    0.3818591270E+00    0.3785657909E+00    0.3937525359E+02    0.0000000000E+00    0.9000000000E+01    0.4000000000E+02    0.1111111111E+00
   575    0.3818218022E+00    0.3786245648E+00    0.3937525025E+02    0.0000000000E+00    0.1600000000E+02    0.3500000000E+02    0.6250000000E-01
   576    0.3817957043E+00    0.3785762615E+00    0.3937524271E+02    0.0000000000E+00    0.4400000000E+02    0.2000000000E+02    0.2272727273E-01
   577    0.3817592576E+00    0.3784347222E+00    0.3937522358E+02    0.0000000000E+00    0.7800000000E+02    0.1200000000E+02    0.1282051282E-01
   578    0.3818209871E+00    0.3783842312E+00    0.3937522337E+02    0.0000000000E+00    0.7900000000E+02    0.1100000000E+02    0.1265822785E-01
   579    0.3818994890E+00    0.3785171915E+00    0.3937525244E+02    0.0000000000E+00    0.1300000000E+02    0.3700000000E+02    0.7692307692E-01
   580    0.3818593026E+00    0.3786562279E+00    0.3937525904E+02    0.0000000000E+00    0.3000000000E+01    0.4600000000E+02    0.3333333333E+00
   581    0.3818595213E+00    0.3786355489E+00    0.3937525833E+02    0.0000000000E+00    0.5000000000E+01    0.4400000000E+02    0.2000000000E+00
   582    0.3818214079E+00    0.3785548068E+00    0.3937524648E+02    0.0000000000E+00    0.3400000000E+02    0.2400000000E+02    0.2941176471E-01
   583    0.3817751605E+00    0.3785422257E+00    0.3937523645E+02    0.0000000000E+00    0.6800000000E+02    0.1300000000E+02    0.1470588235E-01
   584    0.3817848559E+00    0.3783524079E+00    0.3937521393E+02    0.0000000000E+00    0.8500000000E+02    0.1000000000E+02    0.1176470588E-01
   585    0.3818356658E+00    0.3785257766E+00    0.3937524619E+02    0.0000000000E+00    0.3500000000E+02    0.2300000000E+02    0.2857142857E-01
   586    0.3818649493E+00    0.3787018522E+00    0.3937526090E+02    0.0000000000E+00    0.2000000000E+01    0.4700000000E+02    0.5000000000E+00
   587    0.3817774483E+00    0.4032835185E+00    0.3916694244E+02    0.0000000000E+00    0.4400000000E+03    0.5000000000E+01    0.2272727273E-02
   588    0.3817777281E+00    0.3783535258E+00    0.3937521342E+02    0.0000000000E+00    0.8600000000E+02    0.9000000000E+01    0.1162790698E-01
   589    0.3819033557E+00    0.3784499729E+00    0.3937524111E+02    0.0000000000E+00    0.5200000000E+02    0.1800000000E+02    0.1923076923E-01
   590    0.3472329405E+00    0.3787245966E+00    0.3878267477E+02    0.0000000000E+00    0.4660000000E+03    0.3000000000E+01    0.2145922747E-02
   591    0.3818607700E+00    0.3785821683E+00    0.3937525525E+02    0.0000000000E+00    0.7000000000E+01    0.4200000000E+02    0.1428571429E+00
   592    0.3818366812E+00    0.3785785604E+00    0.3937525094E+02    0.0000000000E+00    0.1500000000E+02    0.3600000000E+02    0.6666666667E-01
   593    0.3818396785E+00    0.3785147813E+00    0.3937524556E+02    0.0000000000E+00    0.3700000000E+02    0.2200000000E+02    0.2702702703E-01
   594    0.3819160760E+00    0.3786597882E+00    0.3937526907E+02    0.0000000000E+00    0.1000000000E+01    0.4800000000E+02    0.1000000000E+01
   595    0.3818393881E+00    0.3785501600E+00    0.3937524914E+02    0.0000000000E+00    0.1900000000E+02    0.3300000000E+02    0.5263157895E-01
   596    0.4463587621E+00    0.3785709117E+00    0.3749401471E+02    0.0000000000E+00    0.5160000000E+03    0.2000000000E+01    0.1937984496E-02
   597    0.3819398464E+00    0.3784643591E+00    0.3937524492E+02    0.0000000000E+00    0.4000000000E+02    0.2100000000E+02    0.2500000000E-01
   598    0.3818159082E+00    0.3787102104E+00    0.3937524860E+02    0.0000000000E+00    0.2200000000E+02    0.3000000000E+02    0.4545454545E-01
   599    0.3818557359E+00    0.3786875249E+00    0.3937525881E+02    0.0000000000E+00    0.4000000000E+01    0.4500000000E+02    0.2500000000E+00
   600    0.3818448791E+00    0.3785401040E+00    0.3937524902E+02    0.0000000000E+00    0.2000000000E+02    0.3200000000E+02    0.5000000000E-01
