 
 D =  0.000000000000000E+000  0.000000000000000E+000  0.000000000000000E+000
  0.000000000000000E+000  0.000000000000000E+000  0.000000000000000E+000
  0.000000000000000E+000  0.000000000000000E+000  0.000000000000000E+000
  0.000000000000000E+000  0.000000000000000E+000  0.000000000000000E+000
  0.000000000000000E+000  0.000000000000000E+000   2.00000000000000     
  0.560000000000000     
 
 Objective function f =  0.189055325272991        1.00000000000000     
 
 dfdD_i =   11.8040801634516        9.30874872633826     
   4.63796051212753        3.73709536854626        3.23084503902690     
   2.97725524868318        2.81098890178482        3.11832103619894     
   3.53442425175244        3.90756188207974        4.39392189708507     
   5.07667605001295        6.27883144898446       0.941907854764978     
   6.85220490702343       8.671484033482635E-002
 
 D = -1.250000000000000E-003 -1.250000000000000E-003 -2.500000000000000E-003
 -2.500000000000000E-003 -2.500000000000000E-003 -2.500000000000000E-003
 -2.500000000000000E-003 -2.500000000000000E-003 -2.500000000000000E-003
 -2.500000000000000E-003 -2.500000000000000E-003 -2.500000000000000E-003
 -1.250000000000000E-003 -1.250000000000000E-003   2.00000000000000     
  0.560000000000000     
 
 Objective function f =  6.108453487326091E-002   1.00000000000000     
 
 dfdD_i =   11.8921732767357        9.38570019908628     
   4.51691886382660        3.58156476031632        3.10164138965818     
   2.91157131650363        2.81746733973142        3.03721420863078     
   3.46850743263762        3.86389112350214        4.35795269403693     
   5.00830584776181        6.07677916744588       0.770132853667821     
   6.79591424579097      -1.767000782748696E-002
 
 D =  0.000000000000000E+000  0.000000000000000E+000  0.000000000000000E+000
  0.000000000000000E+000  0.000000000000000E+000  0.000000000000000E+000
  0.000000000000000E+000  0.000000000000000E+000  0.000000000000000E+000
  0.000000000000000E+000  0.000000000000000E+000  0.000000000000000E+000
  0.000000000000000E+000  0.000000000000000E+000   1.82787661811494     
  0.552544958820422     
 
 Objective function f =  0.167954940364582        1.00000000000000     
 
 dfdD_i =   11.7509920525847        9.24015593817244     
   4.59443341462699        3.70507624141752        3.20914634927512     
   2.96120205116394        2.79285402654283        3.06438595347837     
   3.47955473393697        3.86127571884102        4.35852383569155     
   5.04793594566534        6.25985339378478        1.02967321784191     
   6.82575503403387       6.259156541111821E-002
 
 D = -1.250000000000000E-003 -1.250000000000000E-003 -2.500000000000000E-003
 -2.500000000000000E-003 -2.500000000000000E-003 -2.500000000000000E-003
 -2.500000000000000E-003 -2.500000000000000E-003 -2.500000000000000E-003
 -2.500000000000000E-003 -2.500000000000000E-003 -2.500000000000000E-003
 -1.250000000000000E-003 -1.250000000000000E-003   1.82787661811494     
  0.552544958820422     
 
 Objective function f =  4.090759271448956E-002   1.00000000000000     
 
 dfdD_i =   11.8351107770564        9.31454847353817     
   4.47191316314364        3.54829933802313        3.07891500510945     
   2.89474187942116        2.79890130679067        2.98696499146503     
   3.41681244015565        3.82047067204872        4.32568085511660     
   4.98404162253250        6.06762219918334       0.864251028993809     
   6.77300555442250      -3.704643247591655E-002
 
 D =  0.000000000000000E+000  0.000000000000000E+000  0.000000000000000E+000
  0.000000000000000E+000  0.000000000000000E+000  0.000000000000000E+000
  0.000000000000000E+000  0.000000000000000E+000  0.000000000000000E+000
  0.000000000000000E+000  0.000000000000000E+000  0.000000000000000E+000
  0.000000000000000E+000  0.000000000000000E+000   2.17232077129641     
  0.573122901526110     
 
 Objective function f =  0.211102512800335        1.00000000000000     
 
 dfdD_i =   11.9002895514897        9.42955117019257     
   4.71116700764876        3.79341355959439        3.27363279064946     
   3.01244795101023        2.84623477699547        3.19582185542715     
   3.61664314922446        3.98185058866409        4.45704252567046     
   5.13448737561007        6.32183652724229       0.789426684532876     
   6.90741150871691       0.119607792659353     
 
 D = -1.250000000000000E-003 -1.250000000000000E-003 -2.500000000000000E-003
 -2.500000000000000E-003 -2.500000000000000E-003 -2.500000000000000E-003
 -2.500000000000000E-003 -2.500000000000000E-003 -2.500000000000000E-003
 -2.500000000000000E-003 -2.500000000000000E-003 -2.500000000000000E-003
 -1.250000000000000E-003 -1.250000000000000E-003   2.17232077129641     
  0.573122901526110     
 
 Objective function f =  8.153394058933552E-002   1.00000000000000     
 
 dfdD_i =   11.9955090741912        9.51208360848624     
   4.59205917003647        3.63867021347483        3.14478731501918     
   2.94740736553526        2.85406695960459        3.10954121635345     
   3.54601914377838        3.93367947982732        4.41615856407553     
   5.05936937161109        6.10562094043710       0.608185146962366     
   6.84563578398954       6.694080587150708E-003
 
 D =  0.000000000000000E+000  0.000000000000000E+000  0.000000000000000E+000
  0.000000000000000E+000  0.000000000000000E+000  0.000000000000000E+000
  0.000000000000000E+000  0.000000000000000E+000  0.000000000000000E+000
  0.000000000000000E+000  0.000000000000000E+000  0.000000000000000E+000
  0.000000000000000E+000  0.000000000000000E+000   1.99520319857576     
  0.541605960971345     
 
 Objective function f =  0.187077089835888        1.00000000000000     
 
 dfdD_i =   11.6564012929345        9.14339951979427     
   4.55193208302217        3.66877935343737        3.17310263695070     
   2.92604781268151        2.76516802109668        3.06505606966968     
   3.47152347074888        3.83888142749631        4.31918714943828     
   4.98994225345154        6.19771307169620        1.15770445935458     
   6.75557810064194       6.678356188820445E-002
 
 D = -1.250000000000000E-003 -1.250000000000000E-003 -2.500000000000000E-003
 -2.500000000000000E-003 -2.500000000000000E-003 -2.500000000000000E-003
 -2.500000000000000E-003 -2.500000000000000E-003 -2.500000000000000E-003
 -2.500000000000000E-003 -2.500000000000000E-003 -2.500000000000000E-003
 -1.250000000000000E-003 -1.250000000000000E-003   1.99520319857576     
  0.541605960971345     
 
 Objective function f =  6.093757487959764E-002   1.00000000000000     
 
 dfdD_i =   11.7353059793116        9.21211541058500     
   4.43114117694040        3.51632136240643        3.04757091044628     
   2.86233584225137        2.77022013156885        2.98647484420138     
   3.40820130393179        3.79809903787106        4.28667915885467     
   4.92668262628120        6.00698011440733       0.994895253641135     
   6.70334027928143      -2.761063775369266E-002
 
 D =  0.000000000000000E+000  0.000000000000000E+000  0.000000000000000E+000
  0.000000000000000E+000  0.000000000000000E+000  0.000000000000000E+000
  0.000000000000000E+000  0.000000000000000E+000  0.000000000000000E+000
  0.000000000000000E+000  0.000000000000000E+000  0.000000000000000E+000
  0.000000000000000E+000  0.000000000000000E+000   2.08015859162951     
  0.576386055697794     
 
 Objective function f =  0.200346119537332        1.00000000000000     
 
 dfdD_i =   11.9363700320610        9.46377321746839     
   4.72452822758413        3.80496718915409        3.28570620821073     
   3.02437903346799        2.85487015348139        3.18650590254293     
   3.61073763483324        3.98426730548664        4.46953470037051     
   5.15705232886041        6.34922552944293       0.752019111923677     
   6.94083957907698       0.114470522394061     
 
 D = -1.250000000000000E-003 -1.250000000000000E-003 -2.500000000000000E-003
 -2.500000000000000E-003 -2.500000000000000E-003 -2.500000000000000E-003
 -2.500000000000000E-003 -2.500000000000000E-003 -2.500000000000000E-003
 -2.500000000000000E-003 -2.500000000000000E-003 -2.500000000000000E-003
 -1.250000000000000E-003 -1.250000000000000E-003   2.08015859162951     
  0.576386055697794     
 
 Objective function f =  7.050268553120623E-002   1.00000000000000     
 
 dfdD_i =   12.0333810931332        9.54852995132186     
   4.60448986609080        3.64808307812277        3.15449234113536     
   2.95783060174341        2.86295216067198        3.10139891969193     
   3.54094557818808        3.93658951974570        4.42902937914657     
   5.08237629296768        6.13382482648383       0.570395543582670     
   6.87965603938972       9.314805149340799E-005
 
 D =  0.000000000000000E+000  0.000000000000000E+000  0.000000000000000E+000
  0.000000000000000E+000  0.000000000000000E+000  0.000000000000000E+000
  0.000000000000000E+000  0.000000000000000E+000  0.000000000000000E+000
  0.000000000000000E+000  0.000000000000000E+000  0.000000000000000E+000
  0.000000000000000E+000  0.000000000000000E+000   2.27329208883661     
  0.531661892286618     
 
 Objective function f =  0.218950051357898        1.00000000000000     
 
 dfdD_i =   11.5661367370873        9.05742261313619     
   4.52129875998638        3.64115645441234        3.14164952135846     
   2.89312413485457        2.74128842469670        3.08934915315127     
   3.48553575290550        3.83170252117257        4.28688215475983     
   4.93234628148696        6.12934706095482        1.27157893853265     
   6.68110858440804       8.047044716970841E-002
 
 D = -1.250000000000000E-003 -1.250000000000000E-003 -2.500000000000000E-003
 -2.500000000000000E-003 -2.500000000000000E-003 -2.500000000000000E-003
 -2.500000000000000E-003 -2.500000000000000E-003 -2.500000000000000E-003
 -2.500000000000000E-003 -2.500000000000000E-003 -2.500000000000000E-003
 -1.250000000000000E-003 -1.250000000000000E-003   2.27329208883661     
  0.531661892286618     
 
 Objective function f =  9.348124128273223E-002   1.00000000000000     
 
 dfdD_i =   11.6425561317709        9.12193870363312     
   4.40346807345417        3.49454550625914        3.02243646228190     
   2.83344634862028        2.74582997279314        3.00747651627912     
   3.42014157719937        3.78987849475476        4.25351425377984     
   4.86773071434619        5.93625821452963        1.10952083097379     
   6.62928882659861      -1.064430009006667E-002
 
 D =  0.000000000000000E+000  0.000000000000000E+000  0.000000000000000E+000
  0.000000000000000E+000  0.000000000000000E+000  0.000000000000000E+000
  0.000000000000000E+000  0.000000000000000E+000  0.000000000000000E+000
  0.000000000000000E+000  0.000000000000000E+000  0.000000000000000E+000
  0.000000000000000E+000  0.000000000000000E+000   1.71468373920855     
  0.587481366824490     
 
 Objective function f =  0.156877945399944        1.00000000000000     
 
 dfdD_i =   12.0479914902258        9.57053999558089     
   4.76721036039574        3.84614659788526        3.33327760201543     
   3.07384615425475        2.89036854899606        3.14879936540835     
   3.58674393308297        3.98977320807415        4.51039705430601     
   5.23282818052031        6.43759151074119       0.622645436326626     
   7.03997117012624       8.741989542934281E-002
 
 D = -1.250000000000000E-003 -1.250000000000000E-003 -2.500000000000000E-003
 -2.500000000000000E-003 -2.500000000000000E-003 -2.500000000000000E-003
 -2.500000000000000E-003 -2.500000000000000E-003 -2.500000000000000E-003
 -2.500000000000000E-003 -2.500000000000000E-003 -2.500000000000000E-003
 -1.250000000000000E-003 -1.250000000000000E-003   1.71468373920855     
  0.587481366824490     
 
 Objective function f =  2.612252483210434E-002   1.00000000000000     
 
 dfdD_i =   12.1504772266287        9.66289351351369     
   4.64375603603096        3.68148467785614        3.19360305292876     
   3.00223268438545        2.89999924639985        3.06737534923855     
   3.51952332118463        3.94369789143824        4.47137928484866     
   5.16024856178900        6.22668812920759       0.440562000690164     
   6.98061500815834      -3.226994778300440E-002
 
 D =  0.000000000000000E+000  0.000000000000000E+000  0.000000000000000E+000
  0.000000000000000E+000  0.000000000000000E+000  0.000000000000000E+000
  0.000000000000000E+000  0.000000000000000E+000  0.000000000000000E+000
  0.000000000000000E+000  0.000000000000000E+000  0.000000000000000E+000
  0.000000000000000E+000  0.000000000000000E+000   2.29272440187568     
  0.587711937079811     
 
 Objective function f =  0.227689384443042        1.00000000000000     
 
 dfdD_i =   12.0194176314583        9.57415194903583     
   4.79558076438100        3.85895472980352        3.32506005449017     
   3.05572950078967        2.88776980893338        3.27469103259351     
   3.70218963033902        4.06355219205307        4.53188081287885     
   5.20794784429851        6.38164837737247       0.621965022213566     
   6.98836103668761       0.153660798267039     
 
 D = -1.250000000000000E-003 -1.250000000000000E-003 -2.500000000000000E-003
 -2.500000000000000E-003 -2.500000000000000E-003 -2.500000000000000E-003
 -2.500000000000000E-003 -2.500000000000000E-003 -2.500000000000000E-003
 -2.500000000000000E-003 -2.500000000000000E-003 -2.500000000000000E-003
 -1.250000000000000E-003 -1.250000000000000E-003   2.29272440187568     
  0.587711937079811     
 
 Objective function f =  9.626403052760175E-002   1.00000000000000     
 
 dfdD_i =   12.1221419534645        9.66328220221292     
   4.67803495287663        3.70393043771758        3.19531980116804     
   2.99049559534082        2.89702966403576        3.18315592248833     
   3.62656201774714        4.01027191234589        4.48523784001719     
   5.12506601249347        6.15003038268122       0.430577773023727     
   6.92006606650940       3.052949286154494E-002
 
 D =  0.000000000000000E+000  0.000000000000000E+000  0.000000000000000E+000
  0.000000000000000E+000  0.000000000000000E+000  0.000000000000000E+000
  0.000000000000000E+000  0.000000000000000E+000  0.000000000000000E+000
  0.000000000000000E+000  0.000000000000000E+000  0.000000000000000E+000
  0.000000000000000E+000  0.000000000000000E+000   2.29473899772365     
  0.573680573165324     
 
 Objective function f =  0.225922621225813        1.00000000000000     
 
 dfdD_i =   11.8993634493779        9.43559875196740     
   4.72012712998666        3.79883632130890        3.27453228411192     
   3.01107289351314        2.84765910375943        3.22402263777206     
   3.64257045244119        3.99891829174482        4.46309408861609     
   5.13096355341391        6.31102639697557       0.782198717684131     
   6.89909225262563       0.133287086467484     
 
 D = -1.250000000000000E-003 -1.250000000000000E-003 -2.500000000000000E-003
 -2.500000000000000E-003 -2.500000000000000E-003 -2.500000000000000E-003
 -2.500000000000000E-003 -2.500000000000000E-003 -2.500000000000000E-003
 -2.500000000000000E-003 -2.500000000000000E-003 -2.500000000000000E-003
 -1.250000000000000E-003 -1.250000000000000E-003   2.29473899772365     
  0.573680573165324     
 
 Objective function f =  9.615703979087799E-002   1.00000000000000     
 
 dfdD_i =   11.9953645116826        9.51808899051622     
   4.60231971720517        3.64596902820498        3.14753630466036     
   2.94718404899600        2.85539259235407        3.13533011894870     
   3.57000231418661        3.94915153382798        4.42056974277178     
   5.05361819578498        6.09022754011469       0.598605387817382     
   6.83565509769510       1.935188843292401E-002
 
 D =  0.000000000000000E+000  0.000000000000000E+000  0.000000000000000E+000
  0.000000000000000E+000  0.000000000000000E+000  0.000000000000000E+000
  0.000000000000000E+000  0.000000000000000E+000  0.000000000000000E+000
  0.000000000000000E+000  0.000000000000000E+000  0.000000000000000E+000
  0.000000000000000E+000  0.000000000000000E+000   2.00000000000000     
  0.560000000000000     
 
 Objective function f =  0.189055325272988        1.00000000000000     
 
 dfdD_i =   11.8040801634516        9.30874872633824     
   4.63796051212750        3.73709536854623        3.23084503902688     
   2.97725524868315        2.81098890178479        3.11832103619894     
   3.53442425175244        3.90756188207973        4.39392189708506     
   5.07667605001293        6.27883144898446       0.941907854764981     
   6.85220490702344       8.671484033481480E-002
 
 D =  0.000000000000000E+000  0.000000000000000E+000  0.000000000000000E+000
  0.000000000000000E+000  0.000000000000000E+000  0.000000000000000E+000
  0.000000000000000E+000  0.000000000000000E+000  0.000000000000000E+000
  0.000000000000000E+000  0.000000000000000E+000  0.000000000000000E+000
  0.000000000000000E+000  0.000000000000000E+000   2.00000000000000     
  0.560000000000000     
 
 Objective function f =  0.295339833660282        1.00000000000000     
 
 dfdD_i =   8.79661445144890        6.23506184468821     
   4.40318019794548        3.90943535759140        3.49175071452126     
   3.10986390119542        2.70715446791653        3.22172804395078     
   3.56619197167496        3.88306609918488        4.23803539246173     
   4.68165417695125        6.41337889416644        8.86071485446581     
   8.52529022687285       0.319893435752480     
 
 D =  0.000000000000000E+000  0.000000000000000E+000  0.000000000000000E+000
  0.000000000000000E+000  0.000000000000000E+000  0.000000000000000E+000
  0.000000000000000E+000  0.000000000000000E+000  0.000000000000000E+000
  0.000000000000000E+000  0.000000000000000E+000  0.000000000000000E+000
  0.000000000000000E+000  0.000000000000000E+000   2.00000000000000     
  0.560000000000000     
