 >> Number of Processors =   1
 Calc con  0.000000000000000E+000  0.000000000000000E+000
  0.000000000000000E+000  0.000000000000000E+000  0.000000000000000E+000
  0.000000000000000E+000  0.000000000000000E+000  0.000000000000000E+000
  0.000000000000000E+000  0.000000000000000E+000  0.000000000000000E+000
  0.000000000000000E+000  0.000000000000000E+000  0.000000000000000E+000
  3.490658503988659E-002  0.560000000000000     
 Design variables:  0.000000000000000E+000  0.000000000000000E+000
  0.000000000000000E+000  0.000000000000000E+000  0.000000000000000E+000
  0.000000000000000E+000  0.000000000000000E+000  0.000000000000000E+000
  0.000000000000000E+000  0.000000000000000E+000  0.000000000000000E+000
  0.000000000000000E+000  0.000000000000000E+000  0.000000000000000E+000
  3.490658503988659E-002  0.560000000000000     
 Constraint value, mean lift and its standard deviation:  0.750260466242447     
  0.164704519475166       1.496498571761226E-002
 Calc obj  0.000000000000000E+000  0.000000000000000E+000
  0.000000000000000E+000  0.000000000000000E+000  0.000000000000000E+000
  0.000000000000000E+000  0.000000000000000E+000  0.000000000000000E+000
  0.000000000000000E+000  0.000000000000000E+000  0.000000000000000E+000
  0.000000000000000E+000  0.000000000000000E+000  0.000000000000000E+000
  3.490658503988659E-002  0.560000000000000     
 Design variables:  0.000000000000000E+000  0.000000000000000E+000
  0.000000000000000E+000  0.000000000000000E+000  0.000000000000000E+000
  0.000000000000000E+000  0.000000000000000E+000  0.000000000000000E+000
  0.000000000000000E+000  0.000000000000000E+000  0.000000000000000E+000
  0.000000000000000E+000  0.000000000000000E+000  0.000000000000000E+000
  3.490658503988659E-002  0.560000000000000     
 Mean drag value and variance:  6.590436266990839E-004  1.841640137751792E-009
 
 iter    objective      ||grad||        inf_pr          inf_du         lg(mu)
    0  0.6590455E-03  0.0000000E+00  0.7602605E+00  0.9958750E+00  0.1000000E+01
 Calc con  1.228554622398627E-003  8.708349151990962E-004
  4.899516343745023E-003  4.351089560182525E-003  3.887397632615932E-003
  3.463512037749920E-003  3.016362979241509E-003  3.581289246152068E-003
  3.964926540415312E-003  4.318129074741931E-003  4.713699179232047E-003
  5.207797758999734E-003  8.957482534178905E-004  1.237509900000000E-003
  6.744725964454620E-002  0.555010628849060     
 Design variables:  1.228554622398627E-003  8.708349151990962E-004
  4.899516343745023E-003  4.351089560182525E-003  3.887397632615932E-003
  3.463512037749920E-003  3.016362979241509E-003  3.581289246152068E-003
  3.964926540415312E-003  4.318129074741931E-003  4.713699179232047E-003
  5.207797758999734E-003  8.957482534178905E-004  1.237509900000000E-003
  6.744725964454620E-002  0.555010628849060     
 Constraint value, mean lift and its standard deviation:  0.284015748007858     
  0.632752841095821       1.676858910367928E-002
 Calc obj  1.228554622398627E-003  8.708349151990962E-004
  4.899516343745023E-003  4.351089560182525E-003  3.887397632615932E-003
  3.463512037749920E-003  3.016362979241509E-003  3.581289246152068E-003
  3.964926540415312E-003  4.318129074741931E-003  4.713699179232047E-003
  5.207797758999734E-003  8.957482534178905E-004  1.237509900000000E-003
  6.744725964454620E-002  0.555010628849060     
 Design variables:  1.228554622398627E-003  8.708349151990962E-004
  4.899516343745023E-003  4.351089560182525E-003  3.887397632615932E-003
  3.463512037749920E-003  3.016362979241509E-003  3.581289246152068E-003
  3.964926540415312E-003  4.318129074741931E-003  4.713699179232047E-003
  5.207797758999734E-003  8.957482534178905E-004  1.237509900000000E-003
  6.744725964454620E-002  0.555010628849060     
 Mean drag value and variance:  2.572335943826715E-003  1.287843729769051E-008
    1  0.2572349E-02  0.5642721E-01  0.3223590E+00  0.1139726E+01  0.5304384E-01
 Calc con  1.091506940882680E-003  8.007693287261510E-004
  6.315219279125776E-003  5.751859872739365E-003  5.238749973342256E-003
  4.741728446423290E-003  4.191133401271690E-003  4.777079011200080E-003
  5.222352491014642E-003  5.616779163788294E-003  6.039336964759097E-003
  6.534456503357398E-003  8.214501669439062E-004  1.098347612708136E-003
  6.969070027651492E-002  0.561155490103069     
 Design variables:  1.091506940882680E-003  8.007693287261510E-004
  6.315219279125776E-003  5.751859872739365E-003  5.238749973342256E-003
  4.741728446423290E-003  4.191133401271690E-003  4.777079011200080E-003
  5.222352491014642E-003  5.616779163788294E-003  6.039336964759097E-003
  6.534456503357398E-003  8.214501669439062E-004  1.098347612708136E-003
  6.969070027651492E-002  0.561155490103069     
 Constraint value, mean lift and its standard deviation:  0.214259104438324     
  0.703305192451941       1.756429689026540E-002
 Calc obj  1.091506940882680E-003  8.007693287261510E-004
  6.315219279125776E-003  5.751859872739365E-003  5.238749973342256E-003
  4.741728446423290E-003  4.191133401271690E-003  4.777079011200080E-003
  5.222352491014642E-003  5.616779163788294E-003  6.039336964759097E-003
  6.534456503357398E-003  8.214501669439062E-004  1.098347612708136E-003
  6.969070027651492E-002  0.561155490103069     
 Design variables:  1.091506940882680E-003  8.007693287261510E-004
  6.315219279125776E-003  5.751859872739365E-003  5.238749973342256E-003
  4.741728446423290E-003  4.191133401271690E-003  4.777079011200080E-003
  5.222352491014642E-003  5.616779163788294E-003  6.039336964759097E-003
  6.534456503357398E-003  8.214501669439062E-004  1.098347612708136E-003
  6.969070027651492E-002  0.561155490103069     
 Mean drag value and variance:  3.011153521845483E-003  1.776809681421673E-008
    2  0.3011171E-02  0.1134751E+00  0.2146425E+00  0.9004891E+01  0.1697727E-01
 Calc con  1.117028013715619E-003  9.429646146345036E-004
  9.944287828131322E-003  9.957528498727393E-003  9.944387785629612E-003
  9.889478041391033E-003  9.748442589189332E-003  9.748571533100246E-003
  9.848801615697192E-003  9.886295863880658E-003  9.892553130203643E-003
  9.879141444093992E-003  9.518089795032110E-004  1.118172545015325E-003
  6.968731675693898E-002  0.584934336323201     
 Design variables:  1.117028013715619E-003  9.429646146345036E-004
  9.944287828131322E-003  9.957528498727393E-003  9.944387785629612E-003
  9.889478041391033E-003  9.748442589189332E-003  9.748571533100246E-003
  9.848801615697192E-003  9.886295863880658E-003  9.892553130203643E-003
  9.879141444093992E-003  9.518089795032110E-004  1.118172545015325E-003
  6.968731675693898E-002  0.584934336323201     
 Constraint value, mean lift and its standard deviation:  2.048325447207029E-002
  0.900869438773968       2.135269324603846E-002
 Calc obj  1.117028013715619E-003  9.429646146345036E-004
  9.944287828131322E-003  9.957528498727393E-003  9.944387785629612E-003
  9.889478041391033E-003  9.748442589189332E-003  9.748571533100246E-003
  9.848801615697192E-003  9.886295863880658E-003  9.892553130203643E-003
  9.879141444093992E-003  9.518089795032110E-004  1.118172545015325E-003
  6.968731675693898E-002  0.584934336323201     
 Design variables:  1.117028013715619E-003  9.429646146345036E-004
  9.944287828131322E-003  9.957528498727393E-003  9.944387785629612E-003
  9.889478041391033E-003  9.748442589189332E-003  9.748571533100246E-003
  9.848801615697192E-003  9.886295863880658E-003  9.892553130203643E-003
  9.879141444093992E-003  9.518089795032110E-004  1.118172545015325E-003
  6.968731675693898E-002  0.584934336323201     
 Mean drag value and variance:  5.953387669060802E-003  2.901336656848935E-006
    3  0.5956289E-02  0.2730735E-01  0.2159790E-01  0.2620300E+01  0.2255052E-02
 Calc con  1.161257507115182E-003  1.050213520011486E-003
  9.957451829377710E-003  9.965115591248070E-003  9.955687528676543E-003
  9.919095699080116E-003  9.827081936957305E-003  9.839389451838446E-003
  9.901765317376987E-003  9.924271947813628E-003  9.927167120994963E-003
  9.917552477297703E-003  1.051917172595076E-003  1.159718657392243E-003
  6.972856968765502E-002  0.598166823908615     
 Design variables:  1.161257507115182E-003  1.050213520011486E-003
  9.957451829377710E-003  9.965115591248070E-003  9.955687528676543E-003
  9.919095699080116E-003  9.827081936957305E-003  9.839389451838446E-003
  9.901765317376987E-003  9.924271947813628E-003  9.927167120994963E-003
  9.917552477297703E-003  1.051917172595076E-003  1.159718657392243E-003
  6.972856968765502E-002  0.598166823908615     
 Constraint value, mean lift and its standard deviation: -2.268831570002499E-003
  0.924280950094400       2.201211852439707E-002
 Calc obj  1.161257507115182E-003  1.050213520011486E-003
  9.957451829377710E-003  9.965115591248070E-003  9.955687528676543E-003
  9.919095699080116E-003  9.827081936957305E-003  9.839389451838446E-003
  9.901765317376987E-003  9.924271947813628E-003  9.927167120994963E-003
  9.917552477297703E-003  1.051917172595076E-003  1.159718657392243E-003
  6.972856968765502E-002  0.598166823908615     
 Design variables:  1.161257507115182E-003  1.050213520011486E-003
  9.957451829377710E-003  9.965115591248070E-003  9.955687528676543E-003
  9.919095699080116E-003  9.827081936957305E-003  9.839389451838446E-003
  9.901765317376987E-003  9.924271947813628E-003  9.927167120994963E-003
  9.917552477297703E-003  1.051917172595076E-003  1.159718657392243E-003
  6.972856968765502E-002  0.598166823908615     
 Mean drag value and variance:  9.425844399318305E-003  1.164166080990528E-005
    4  0.9437486E-02  0.1323249E-01  0.1510055E-02  0.1022190E+01  0.6281386E-04
 Calc con  1.185392923944579E-003  1.103004728657044E-003
  9.965141140921030E-003  9.970199902392368E-003  9.962354696512523E-003
  9.933512955068865E-003  9.861358290843772E-003  9.879536730546751E-003
  9.926032277998395E-003  9.946573447388612E-003  9.952983307855490E-003
  9.947936722453980E-003  1.113107325637030E-003  1.185577978604232E-003
  6.974952422116144E-002  0.595343171107230     
 Design variables:  1.185392923944579E-003  1.103004728657044E-003
  9.965141140921030E-003  9.970199902392368E-003  9.962354696512523E-003
  9.933512955068865E-003  9.861358290843772E-003  9.879536730546751E-003
  9.926032277998395E-003  9.946573447388612E-003  9.952983307855490E-003
  9.947936722453980E-003  1.113107325637030E-003  1.185577978604232E-003
  6.974952422116144E-002  0.595343171107230     
 Constraint value, mean lift and its standard deviation: -2.622743694506921E-004
  0.922514057940267       2.225178357081604E-002
 Calc obj  1.185392923944579E-003  1.103004728657044E-003
  9.965141140921030E-003  9.970199902392368E-003  9.962354696512523E-003
  9.933512955068865E-003  9.861358290843772E-003  9.879536730546751E-003
  9.926032277998395E-003  9.946573447388612E-003  9.952983307855490E-003
  9.947936722453980E-003  1.113107325637030E-003  1.185577978604232E-003
  6.974952422116144E-002  0.595343171107230     
 Design variables:  1.185392923944579E-003  1.103004728657044E-003
  9.965141140921030E-003  9.970199902392368E-003  9.962354696512523E-003
  9.933512955068865E-003  9.861358290843772E-003  9.879536730546751E-003
  9.926032277998395E-003  9.946573447388612E-003  9.952983307855490E-003
  9.947936722453980E-003  1.113107325637030E-003  1.185577978604232E-003
  6.974952422116144E-002  0.595343171107230     
 Mean drag value and variance:  8.581957453597959E-003  9.817846148907225E-006
    5  0.8591775E-02  0.2823653E-02  0.2747462E-03  0.1079682E+00  0.1000474E-04
 Calc con  1.236462257676453E-003  1.221968467320117E-003
  9.985807990598805E-003  9.985043944650980E-003  9.982209805745160E-003
  9.975865882702025E-003  9.961835922030810E-003  9.998805267305467E-003
  9.995134835190985E-003  9.989130051134517E-003  9.985639093673664E-003
  9.983132078338754E-003  1.224436046650189E-003  1.237107786699616E-003
  6.979446364234013E-002  0.591714636490353     
 Design variables:  1.236462257676453E-003  1.221968467320117E-003
  9.985807990598805E-003  9.985043944650980E-003  9.982209805745160E-003
  9.975865882702025E-003  9.961835922030810E-003  9.998805267305467E-003
  9.995134835190985E-003  9.989130051134517E-003  9.985639093673664E-003
  9.983132078338754E-003  1.224436046650189E-003  1.237107786699616E-003
  6.979446364234013E-002  0.591714636490353     
 Constraint value, mean lift and its standard deviation:  6.967251952518655E-005
  0.921933582154916       2.200325467444144E-002
 Calc obj  1.236462257676453E-003  1.221968467320117E-003
  9.985807990598805E-003  9.985043944650980E-003  9.982209805745160E-003
  9.975865882702025E-003  9.961835922030810E-003  9.998805267305467E-003
  9.995134835190985E-003  9.989130051134517E-003  9.985639093673664E-003
  9.983132078338754E-003  1.224436046650189E-003  1.237107786699616E-003
  6.979446364234013E-002  0.591714636490353     
 Design variables:  1.236462257676453E-003  1.221968467320117E-003
  9.985807990598805E-003  9.985043944650980E-003  9.982209805745160E-003
  9.975865882702025E-003  9.961835922030810E-003  9.998805267305467E-003
  9.995134835190985E-003  9.989130051134517E-003  9.985639093673664E-003
  9.983132078338754E-003  1.224436046650189E-003  1.237107786699616E-003
  6.979446364234013E-002  0.591714636490353     
 Mean drag value and variance:  7.726289727951224E-003  8.169912610052594E-006
    6  0.7734460E-02  0.3643783E-02  0.1900651E-03  0.8281064E-01  0.7529570E-05
 Calc con  1.248623226287300E-003  1.248044519916408E-003
  9.996477689064403E-003  9.995845665314296E-003  9.995226948038153E-003
  9.994622051359902E-003  9.993977894166076E-003  9.996536989346256E-003
  9.996913737125452E-003  9.997206486067767E-003  9.997586299264373E-003
  9.997929893901589E-003  1.248358154345574E-003  1.248618796907685E-003
  6.981299291539884E-002  0.590909869123355     
 Design variables:  1.248623226287300E-003  1.248044519916408E-003
  9.996477689064403E-003  9.995845665314296E-003  9.995226948038153E-003
  9.994622051359902E-003  9.993977894166076E-003  9.996536989346256E-003
  9.996913737125452E-003  9.997206486067767E-003  9.997586299264373E-003
  9.997929893901589E-003  1.248358154345574E-003  1.248618796907685E-003
  6.981299291539884E-002  0.590909869123355     
 Constraint value, mean lift and its standard deviation: -1.869826365958373E-004
  0.922168940832443       2.198195819584753E-002
 Calc obj  1.248623226287300E-003  1.248044519916408E-003
  9.996477689064403E-003  9.995845665314296E-003  9.995226948038153E-003
  9.994622051359902E-003  9.993977894166076E-003  9.996536989346256E-003
  9.996913737125452E-003  9.997206486067767E-003  9.997586299264373E-003
  9.997929893901589E-003  1.248358154345574E-003  1.248618796907685E-003
  6.981299291539884E-002  0.590909869123355     
 Design variables:  1.248623226287300E-003  1.248044519916408E-003
  9.996477689064403E-003  9.995845665314296E-003  9.995226948038153E-003
  9.994622051359902E-003  9.993977894166076E-003  9.996536989346256E-003
  9.996913737125452E-003  9.997206486067767E-003  9.997586299264373E-003
  9.997929893901589E-003  1.248358154345574E-003  1.248618796907685E-003
  6.981299291539884E-002  0.590909869123355     
 Mean drag value and variance:  7.564108180643149E-003  7.418139772040346E-006
    7  0.7571526E-02  0.8057960E-03  0.1749174E-03  0.3283070E-01  0.2719280E-05
 Calc con  1.249888884132330E-003  1.249837166034572E-003
  9.999709408268833E-003  9.999657052781056E-003  9.999606084921292E-003
  9.999556375905196E-003  9.999503031613535E-003  9.999644396508866E-003
  9.999629719839238E-003  9.999670527997743E-003  9.999761927202925E-003
  9.999837687657956E-003  1.249869796698823E-003  1.249889703762238E-003
  6.981314641472447E-002  0.590647555088427     
 Design variables:  1.249888884132330E-003  1.249837166034572E-003
  9.999709408268833E-003  9.999657052781056E-003  9.999606084921292E-003
  9.999556375905196E-003  9.999503031613535E-003  9.999644396508866E-003
  9.999629719839238E-003  9.999670527997743E-003  9.999761927202925E-003
  9.999837687657956E-003  1.249869796698823E-003  1.249889703762238E-003
  6.981314641472447E-002  0.590647555088427     
 Constraint value, mean lift and its standard deviation:  1.226161696080454E-004
  0.921851700131151       2.197431630075861E-002
 Calc obj  1.249888884132330E-003  1.249837166034572E-003
  9.999709408268833E-003  9.999657052781056E-003  9.999606084921292E-003
  9.999556375905196E-003  9.999503031613535E-003  9.999644396508866E-003
  9.999629719839238E-003  9.999670527997743E-003  9.999761927202925E-003
  9.999837687657956E-003  1.249869796698823E-003  1.249889703762238E-003
  6.981314641472447E-002  0.590647555088427     
 Design variables:  1.249888884132330E-003  1.249837166034572E-003
  9.999709408268833E-003  9.999657052781056E-003  9.999606084921292E-003
  9.999556375905196E-003  9.999503031613535E-003  9.999644396508866E-003
  9.999629719839238E-003  9.999670527997743E-003  9.999761927202925E-003
  9.999837687657956E-003  1.249869796698823E-003  1.249889703762238E-003
  6.981314641472447E-002  0.590647555088427     
 Mean drag value and variance:  7.406390688527476E-003  6.549162504639547E-006
    8  0.7412940E-02  0.2623140E-03  0.1235722E-03  0.6027076E-01  0.3321088E-07
 Calc con  1.250007507714381E-003  1.250006382108455E-003
  1.000000384126847E-002  1.000000276023614E-002  1.000000168529314E-002
  1.000000058539422E-002  9.999999265989705E-003  1.000000262702118E-002
  1.000000376273862E-002  1.000000510949294E-002  1.000000604066655E-002
  1.000000656943971E-002  1.250006909092038E-003  1.250007479077621E-003
  6.981317972678233E-002  0.590723660072472     
 Design variables:  1.250007507714381E-003  1.250006382108455E-003
  1.000000384126847E-002  1.000000276023614E-002  1.000000168529314E-002
  1.000000058539422E-002  9.999999265989705E-003  1.000000262702118E-002
  1.000000376273862E-002  1.000000510949294E-002  1.000000604066655E-002
  1.000000656943971E-002  1.250006909092038E-003  1.250007479077621E-003
  6.981317972678233E-002  0.590723660072472     
 Constraint value, mean lift and its standard deviation:  1.257837885645756E-004
  0.922018942111115       2.214472589967968E-002
 Calc obj  1.250007507714381E-003  1.250006382108455E-003
  1.000000384126847E-002  1.000000276023614E-002  1.000000168529314E-002
  1.000000058539422E-002  9.999999265989705E-003  1.000000262702118E-002
  1.000000376273862E-002  1.000000510949294E-002  1.000000604066655E-002
  1.000000656943971E-002  1.250006909092038E-003  1.250007479077621E-003
  6.981317972678233E-002  0.590723660072472     
 Design variables:  1.250007507714381E-003  1.250006382108455E-003
  1.000000384126847E-002  1.000000276023614E-002  1.000000168529314E-002
  1.000000058539422E-002  9.999999265989705E-003  1.000000262702118E-002
  1.000000376273862E-002  1.000000510949294E-002  1.000000604066655E-002
  1.000000656943971E-002  1.250006909092038E-003  1.250007479077621E-003
  6.981317972678233E-002  0.590723660072472     
 Mean drag value and variance:  7.506937296476530E-003  7.617738628101728E-006
 Calc con  1.250007774418174E-003  1.250006754853217E-003
  1.000000446380417E-002  1.000000347452182E-002  1.000000247841552E-002
  1.000000144125382E-002  1.000000016650214E-002  1.000000340717076E-002
  1.000000514460628E-002  1.000000660527998E-002  1.000000699819039E-002
  1.000000701850597E-002  1.250007171672257E-003  1.250007724542684E-003
  6.981317929135300E-002  0.590812038381830     
 Design variables:  1.250007774418174E-003  1.250006754853217E-003
  1.000000446380417E-002  1.000000347452182E-002  1.000000247841552E-002
  1.000000144125382E-002  1.000000016650214E-002  1.000000340717076E-002
  1.000000514460628E-002  1.000000660527998E-002  1.000000699819039E-002
  1.000000701850597E-002  1.250007171672257E-003  1.250007724542684E-003
  6.981317929135300E-002  0.590812038381830     
 Constraint value, mean lift and its standard deviation: -9.833116142927111E-004
  0.922458095987063       2.147478437276979E-002
 Calc obj  1.250007774418174E-003  1.250006754853217E-003
  1.000000446380417E-002  1.000000347452182E-002  1.000000247841552E-002
  1.000000144125382E-002  1.000000016650214E-002  1.000000340717076E-002
  1.000000514460628E-002  1.000000660527998E-002  1.000000699819039E-002
  1.000000701850597E-002  1.250007171672257E-003  1.250007724542684E-003
  6.981317929135300E-002  0.590812038381830     
 Design variables:  1.250007774418174E-003  1.250006754853217E-003
  1.000000446380417E-002  1.000000347452182E-002  1.000000247841552E-002
  1.000000144125382E-002  1.000000016650214E-002  1.000000340717076E-002
  1.000000514460628E-002  1.000000660527998E-002  1.000000699819039E-002
  1.000000701850597E-002  1.250007171672257E-003  1.250007724542684E-003
  6.981317929135300E-002  0.590812038381830     
 Mean drag value and variance:  7.510330946089157E-003  7.552559682666936E-006
 Calc con  1.249948195923356E-003  1.249921774071514E-003
  9.999856624768651E-003  9.999829906508597E-003  9.999803885107217E-003
  9.999778480649708E-003  9.999751148801620E-003  9.999823511765024E-003
  9.999816741288931E-003  9.999837818745343E-003  9.999883983934735E-003
  9.999922128548831E-003  1.249938352895431E-003  1.249948591419930E-003
  6.981316307075340E-002  0.590685607580450     
 Design variables:  1.249948195923356E-003  1.249921774071514E-003
  9.999856624768651E-003  9.999829906508597E-003  9.999803885107217E-003
  9.999778480649708E-003  9.999751148801620E-003  9.999823511765024E-003
  9.999816741288931E-003  9.999837818745343E-003  9.999883983934735E-003
  9.999922128548831E-003  1.249938352895431E-003  1.249948591419930E-003
  6.981316307075340E-002  0.590685607580450     
 Constraint value, mean lift and its standard deviation:  1.012941519385399E-004
  0.921920507992363       2.202180214430165E-002
 Calc obj  1.249948195923356E-003  1.249921774071514E-003
  9.999856624768651E-003  9.999829906508597E-003  9.999803885107217E-003
  9.999778480649708E-003  9.999751148801620E-003  9.999823511765024E-003
  9.999816741288931E-003  9.999837818745343E-003  9.999883983934735E-003
  9.999922128548831E-003  1.249938352895431E-003  1.249948591419930E-003
  6.981316307075340E-002  0.590685607580450     
 Design variables:  1.249948195923356E-003  1.249921774071514E-003
  9.999856624768651E-003  9.999829906508597E-003  9.999803885107217E-003
  9.999778480649708E-003  9.999751148801620E-003  9.999823511765024E-003
  9.999816741288931E-003  9.999837818745343E-003  9.999883983934735E-003
  9.999922128548831E-003  1.249938352895431E-003  1.249948591419930E-003
  6.981316307075340E-002  0.590685607580450     
 Mean drag value and variance:  7.462994186678521E-003  7.209805113982114E-006
    9  0.7470204E-02  0.7610498E-04  0.1017773E-03  0.1319050E-01  0.9424384E-09
 
 The solution was found.
 
 The final value of the objective function is   7.470203991792503E-003
 
 The optimal values of X are:
 
 X  (           1 ) =   1.249948195923356E-003
 X  (           2 ) =   1.249921774071514E-003
 X  (           3 ) =   9.999856624768651E-003
 X  (           4 ) =   9.999829906508597E-003
 X  (           5 ) =   9.999803885107217E-003
 X  (           6 ) =   9.999778480649708E-003
 X  (           7 ) =   9.999751148801620E-003
 X  (           8 ) =   9.999823511765024E-003
 X  (           9 ) =   9.999816741288931E-003
 X  (          10 ) =   9.999837818745343E-003
 X  (          11 ) =   9.999883983934735E-003
 X  (          12 ) =   9.999922128548831E-003
 X  (          13 ) =   1.249938352895431E-003
 X  (          14 ) =   1.249948591419930E-003
 X  (          15 ) =    3.99999959841275     
 X  (          16 ) =   0.590685607580450     
 
 The multipliers for the equality constraints are:
 
 LAM(           1 ) =   0.176989979897302     
 
 Mean drag and its variance:  7.462994186678521E-003  7.209805113982114E-006
