           1  0.903269016756258        9.49231841532911     
           2  0.804051544851044        6.40715507609330     
           3  0.602052657447560        4.11861925097906     
           4  0.501866158189287        3.55895671360686     
           5  0.399694860583434        3.14249754096988     
           6  0.301158507701292        2.81315798808455     
           7  0.205346444050076        2.50201230728679     
           8  0.202450889381161        4.06558752573253     
           9  0.301538478396521        4.67882730137973     
          10  0.402014946835827        5.13638251199221     
          11  0.504570952907477        5.48544934136507     
          12  0.604736568670243        5.78301276822112     
          13  0.803383624472688        6.99067522626861     
          14  0.901823325566936        9.24987410189975     
          15   9.20258243422320     
          16   1.02596038386372     
