           1  0.903269016756258       3.386031902506282E-002
           2  0.804051544851044       2.255945932485965E-002
           3  0.602052657447560       1.465579212379510E-002
           4  0.501866158189287       1.261745306113736E-002
           5  0.399694860583434       1.089723093122560E-002
           6  0.301158507701292       9.358460802688805E-003
           7  0.205346444050076       7.826832029624704E-003
           8  0.202450889381161       1.384124521931837E-002
           9  0.301538478396521       1.437523510672132E-002
          10  0.402014946835827       1.573225975040405E-002
          11  0.504570952907477       1.758600316175222E-002
          12  0.604736568670243       1.964560621546663E-002
          13  0.803383624472688       2.607471831345482E-002
          14  0.901823325566936       3.521406070143969E-002
          15  3.306351252320383E-002
          16  3.605479100380589E-003
