 >> Number of Processors =   1
 Calc con  0.000000000000000E+000  0.000000000000000E+000
  0.000000000000000E+000  0.000000000000000E+000  0.000000000000000E+000
  0.000000000000000E+000  0.000000000000000E+000  0.000000000000000E+000
  0.000000000000000E+000  0.000000000000000E+000  0.000000000000000E+000
  0.000000000000000E+000  0.000000000000000E+000  0.000000000000000E+000
  3.490658503988659E-002  0.650000000000000     
 Design variables:  0.000000000000000E+000  0.000000000000000E+000
  0.000000000000000E+000  0.000000000000000E+000  0.000000000000000E+000
  0.000000000000000E+000  0.000000000000000E+000  0.000000000000000E+000
  0.000000000000000E+000  0.000000000000000E+000  0.000000000000000E+000
  0.000000000000000E+000  0.000000000000000E+000  0.000000000000000E+000
  3.490658503988659E-002  0.650000000000000     
 Constraint value, mean lift and its standard deviation:  0.328448779779492     
  0.324441880038418       1.763021993930322E-002
 Calc obj  0.000000000000000E+000  0.000000000000000E+000
  0.000000000000000E+000  0.000000000000000E+000  0.000000000000000E+000
  0.000000000000000E+000  0.000000000000000E+000  0.000000000000000E+000
  0.000000000000000E+000  0.000000000000000E+000  0.000000000000000E+000
  0.000000000000000E+000  0.000000000000000E+000  0.000000000000000E+000
  3.490658503988659E-002  0.650000000000000     
 Design variables:  0.000000000000000E+000  0.000000000000000E+000
  0.000000000000000E+000  0.000000000000000E+000  0.000000000000000E+000
  0.000000000000000E+000  0.000000000000000E+000  0.000000000000000E+000
  0.000000000000000E+000  0.000000000000000E+000  0.000000000000000E+000
  0.000000000000000E+000  0.000000000000000E+000  0.000000000000000E+000
  3.490658503988659E-002  0.650000000000000     
 Mean drag value and variance:  2.622093418771430E-003  1.746989119740144E-008
 
 iter    objective      ||grad||        inf_pr          inf_du         lg(mu)
    0  0.2622111E-02  0.0000000E+00  0.3384488E+00  0.9956846E+00  0.1000000E+01
 Calc con  8.627974778216286E-004  6.131917299721418E-004
  3.463821834965029E-003  3.078117573615681E-003  2.746550663019048E-003
  2.437370538652505E-003  2.107180920145201E-003  2.715772790829256E-003
  2.956674833719704E-003  3.159732475893304E-003  3.392925969570438E-003
  3.707127528881196E-003  6.310458071899197E-004  8.693393605020527E-004
  5.658040537271256E-002  0.662922799067566     
 Design variables:  8.627974778216286E-004  6.131917299721418E-004
  3.463821834965029E-003  3.078117573615681E-003  2.746550663019048E-003
  2.437370538652505E-003  2.107180920145201E-003  2.715772790829256E-003
  2.956674833719704E-003  3.159732475893304E-003  3.392925969570438E-003
  3.707127528881196E-003  6.310458071899197E-004  8.693393605020527E-004
  5.658040537271256E-002  0.662922799067566     
 Constraint value, mean lift and its standard deviation: -4.550321085855105E-002
  0.707987335028233       2.082804138989390E-002
 Calc obj  8.627974778216286E-004  6.131917299721418E-004
  3.463821834965029E-003  3.078117573615681E-003  2.746550663019048E-003
  2.437370538652505E-003  2.107180920145201E-003  2.715772790829256E-003
  2.956674833719704E-003  3.159732475893304E-003  3.392925969570438E-003
  3.707127528881196E-003  6.310458071899197E-004  8.693393605020527E-004
  5.658040537271256E-002  0.662922799067566     
 Design variables:  8.627974778216286E-004  6.131917299721418E-004
  3.463821834965029E-003  3.078117573615681E-003  2.746550663019048E-003
  2.437370538652505E-003  2.107180920145201E-003  2.715772790829256E-003
  2.956674833719704E-003  3.159732475893304E-003  3.392925969570438E-003
  3.707127528881196E-003  6.310458071899197E-004  8.693393605020527E-004
  5.658040537271256E-002  0.662922799067566     
 Mean drag value and variance:  7.605814109843400E-003  3.706537179730929E-006
    1  0.7609521E-02  0.2427923E-01  0.1122399E-01  0.5737201E+00  0.2569640E-01
 Calc con  7.828069978668224E-004  5.575902706455375E-004
  3.436253422876764E-003  3.071248076385594E-003  2.756812992696024E-003
  2.461835593215517E-003  2.143106302263080E-003  2.080684430961537E-003
  2.708005763187172E-003  3.340432597476059E-003  3.761493369695206E-003
  3.954740850007866E-003  5.739650995336332E-004  7.887652268909982E-004
  5.696297492694472E-002  0.655941080586426     
 Design variables:  7.828069978668224E-004  5.575902706455375E-004
  3.436253422876764E-003  3.071248076385594E-003  2.756812992696024E-003
  2.461835593215517E-003  2.143106302263080E-003  2.080684430961537E-003
  2.708005763187172E-003  3.340432597476059E-003  3.761493369695206E-003
  3.954740850007866E-003  5.739650995336332E-004  7.887652268909982E-004
  5.696297492694472E-002  0.655941080586426     
 Constraint value, mean lift and its standard deviation: -3.543523040952090E-002
  0.700955844133869       2.184020457478267E-002
 Calc obj  7.828069978668224E-004  5.575902706455375E-004
  3.436253422876764E-003  3.071248076385594E-003  2.756812992696024E-003
  2.461835593215517E-003  2.143106302263080E-003  2.080684430961537E-003
  2.708005763187172E-003  3.340432597476059E-003  3.761493369695206E-003
  3.954740850007866E-003  5.739650995336332E-004  7.887652268909982E-004
  5.696297492694472E-002  0.655941080586426     
 Design variables:  7.828069978668224E-004  5.575902706455375E-004
  3.436253422876764E-003  3.071248076385594E-003  2.756812992696024E-003
  2.461835593215517E-003  2.143106302263080E-003  2.080684430961537E-003
  2.708005763187172E-003  3.340432597476059E-003  3.761493369695206E-003
  3.954740850007866E-003  5.739650995336332E-004  7.887652268909982E-004
  5.696297492694472E-002  0.655941080586426     
 Mean drag value and variance:  6.358176101745538E-003  1.671717267411337E-006
    2  0.6359848E-02  0.6981718E-02  0.4664149E-02  0.1093109E+00  0.2601075E-02
 Calc con  7.163183093237386E-004  5.114569211809610E-004
  3.621052526306910E-003  3.272376334495118E-003  2.972690010132650E-003
  2.689351122818691E-003  2.375988678873065E-003  1.307532285174824E-003
  3.736035318860674E-003  4.617182654433555E-003  4.414448041107182E-003
  4.033668149223922E-003  5.287774919051653E-004  7.239021124268240E-004
  5.645013168670682E-002  0.645916397306362     
 Design variables:  7.163183093237386E-004  5.114569211809610E-004
  3.621052526306910E-003  3.272376334495118E-003  2.972690010132650E-003
  2.689351122818691E-003  2.375988678873065E-003  1.307532285174824E-003
  3.736035318860674E-003  4.617182654433555E-003  4.414448041107182E-003
  4.033668149223922E-003  5.287774919051653E-004  7.239021124268240E-004
  5.645013168670682E-002  0.645916397306362     
 Constraint value, mean lift and its standard deviation: -3.030000684837461E-002
  0.697044777049662       2.224825673376231E-002
 Calc obj  7.163183093237386E-004  5.114569211809610E-004
  3.621052526306910E-003  3.272376334495118E-003  2.972690010132650E-003
  2.689351122818691E-003  2.375988678873065E-003  1.307532285174824E-003
  3.736035318860674E-003  4.617182654433555E-003  4.414448041107182E-003
  4.033668149223922E-003  5.287774919051653E-004  7.239021124268240E-004
  5.645013168670682E-002  0.645916397306362     
 Design variables:  7.163183093237386E-004  5.114569211809610E-004
  3.621052526306910E-003  3.272376334495118E-003  2.972690010132650E-003
  2.689351122818691E-003  2.375988678873065E-003  1.307532285174824E-003
  3.736035318860674E-003  4.617182654433555E-003  4.414448041107182E-003
  4.033668149223922E-003  5.287774919051653E-004  7.239021124268240E-004
  5.645013168670682E-002  0.645916397306362     
 Mean drag value and variance:  5.420921820819904E-003  4.106829836904207E-007
    3  0.5421333E-02  0.1002468E-01  0.3864335E-02  0.7020593E-01  0.2820470E-03
 Calc con  7.063622066548575E-004  5.116594289462071E-004
  4.283320308492208E-003  3.844009798560410E-003  3.465524023062687E-003
  3.111580502155719E-003  2.726098816229978E-003  1.788004376076512E-003
  4.139029439899523E-003  4.987985824329488E-003  4.792980724758073E-003
  4.453759467215306E-003  5.295997479788686E-004  7.112188129007956E-004
  5.404995154174047E-002  0.639790301326432     
 Design variables:  7.063622066548575E-004  5.116594289462071E-004
  4.283320308492208E-003  3.844009798560410E-003  3.465524023062687E-003
  3.111580502155719E-003  2.726098816229978E-003  1.788004376076512E-003
  4.139029439899523E-003  4.987985824329488E-003  4.792980724758073E-003
  4.453759467215306E-003  5.295997479788686E-004  7.112188129007956E-004
  5.404995154174047E-002  0.639790301326432     
 Constraint value, mean lift and its standard deviation: -2.017625011579999E-002
  0.684994736411477       2.160616209855916E-002
 Calc obj  7.063622066548575E-004  5.116594289462071E-004
  4.283320308492208E-003  3.844009798560410E-003  3.465524023062687E-003
  3.111580502155719E-003  2.726098816229978E-003  1.788004376076512E-003
  4.139029439899523E-003  4.987985824329488E-003  4.792980724758073E-003
  4.453759467215306E-003  5.295997479788686E-004  7.112188129007956E-004
  5.404995154174047E-002  0.639790301326432     
 Design variables:  7.063622066548575E-004  5.116594289462071E-004
  4.283320308492208E-003  3.844009798560410E-003  3.465524023062687E-003
  3.111580502155719E-003  2.726098816229978E-003  1.788004376076512E-003
  4.139029439899523E-003  4.987985824329488E-003  4.792980724758073E-003
  4.453759467215306E-003  5.295997479788686E-004  7.112188129007956E-004
  5.404995154174047E-002  0.639790301326432     
 Mean drag value and variance:  5.113939849905698E-003  2.066449043618035E-007
    4  0.5114146E-02  0.1461096E-01  0.6228641E-03  0.4302071E-01  0.3276647E-04
 Calc con -1.787358887840408E-004 -2.687569600581596E-004
  6.472633565713712E-003  5.832312976540594E-003  5.266497308345186E-003
  4.751792491707647E-003  4.200912384979582E-003  9.917889943760767E-003
  7.782239205795925E-003  7.053989376292657E-003  8.014316306343488E-003
  9.337951260149087E-003 -2.465690097876670E-004 -2.154341984925805E-004
  4.417888777704931E-002  0.614066653037351     
 Design variables: -1.787358887840408E-004 -2.687569600581596E-004
  6.472633565713712E-003  5.832312976540594E-003  5.266497308345186E-003
  4.751792491707647E-003  4.200912384979582E-003  9.917889943760767E-003
  7.782239205795925E-003  7.053989376292657E-003  8.014316306343488E-003
  9.337951260149087E-003 -2.465690097876670E-004 -2.154341984925805E-004
  4.417888777704931E-002  0.614066653037351     
 Constraint value, mean lift and its standard deviation: -1.233335799283388E-002
  0.672772086943263       2.014624298347622E-002
 Calc obj -1.787358887840408E-004 -2.687569600581596E-004
  6.472633565713712E-003  5.832312976540594E-003  5.266497308345186E-003
  4.751792491707647E-003  4.200912384979582E-003  9.917889943760767E-003
  7.782239205795925E-003  7.053989376292657E-003  8.014316306343488E-003
  9.337951260149087E-003 -2.465690097876670E-004 -2.154341984925805E-004
  4.417888777704931E-002  0.614066653037351     
 Design variables: -1.787358887840408E-004 -2.687569600581596E-004
  6.472633565713712E-003  5.832312976540594E-003  5.266497308345186E-003
  4.751792491707647E-003  4.200912384979582E-003  9.917889943760767E-003
  7.782239205795925E-003  7.053989376292657E-003  8.014316306343488E-003
  9.337951260149087E-003 -2.465690097876670E-004 -2.154341984925805E-004
  4.417888777704931E-002  0.614066653037351     
 Mean drag value and variance:  4.931504821670834E-003  6.011959312610530E-008
 Calc con -1.829285715438611E-004 -2.723913251855251E-004
  6.495367915291738E-003  5.854347515841145E-003  5.287797696151711E-003
  4.772327088170259E-003  4.220361200622506E-003  9.917889943760763E-003
  7.807915657522363E-003  7.096032084817398E-003  8.073292886454753E-003
  9.399972367678009E-003 -2.501465628130404E-004 -2.198639358526602E-004
  4.436382046132785E-002  0.613932258506687     
 Design variables: -1.829285715438611E-004 -2.723913251855251E-004
  6.495367915291738E-003  5.854347515841145E-003  5.287797696151711E-003
  4.772327088170259E-003  4.220361200622506E-003  9.917889943760763E-003
  7.807915657522363E-003  7.096032084817398E-003  8.073292886454753E-003
  9.399972367678009E-003 -2.501465628130404E-004 -2.198639358526602E-004
  4.436382046132785E-002  0.613932258506687     
 Constraint value, mean lift and its standard deviation: -1.511852005522007E-002
  0.675540134793158       2.014053824597928E-002
 Calc obj -1.829285715438611E-004 -2.723913251855251E-004
  6.495367915291738E-003  5.854347515841145E-003  5.287797696151711E-003
  4.772327088170259E-003  4.220361200622506E-003  9.917889943760763E-003
  7.807915657522363E-003  7.096032084817398E-003  8.073292886454753E-003
  9.399972367678009E-003 -2.501465628130404E-004 -2.198639358526602E-004
  4.436382046132785E-002  0.613932258506687     
 Design variables: -1.829285715438611E-004 -2.723913251855251E-004
  6.495367915291738E-003  5.854347515841145E-003  5.287797696151711E-003
  4.772327088170259E-003  4.220361200622506E-003  9.917889943760763E-003
  7.807915657522363E-003  7.096032084817398E-003  8.073292886454753E-003
  9.399972367678009E-003 -2.501465628130404E-004 -2.198639358526602E-004
  4.436382046132785E-002  0.613932258506687     
 Mean drag value and variance:  4.963857567159572E-003  7.015383614912229E-008
 Calc con -1.830689025139863E-004 -2.725129690143879E-004
  6.496128844156175E-003  5.855085021742109E-003  5.288510629673303E-003
  4.773014390312526E-003  4.221012161194354E-003  9.917889943760763E-003
  7.808775059863646E-003  7.097439273105125E-003  8.075266859010142E-003
  9.402048241929880E-003 -2.502663051154000E-004 -2.200122011464460E-004
  4.437001024111283E-002  0.613927760261542     
 Design variables: -1.830689025139863E-004 -2.725129690143879E-004
  6.496128844156175E-003  5.855085021742109E-003  5.288510629673303E-003
  4.773014390312526E-003  4.221012161194354E-003  9.917889943760763E-003
  7.808775059863646E-003  7.097439273105125E-003  8.075266859010142E-003
  9.402048241929880E-003 -2.502663051154000E-004 -2.200122011464460E-004
  4.437001024111283E-002  0.613927760261542     
 Constraint value, mean lift and its standard deviation: -1.470099020637461E-002
  0.675683199612985       2.032740313553686E-002
 Calc obj -1.830689025139863E-004 -2.725129690143879E-004
  6.496128844156175E-003  5.855085021742109E-003  5.288510629673303E-003
  4.773014390312526E-003  4.221012161194354E-003  9.917889943760763E-003
  7.808775059863646E-003  7.097439273105125E-003  8.075266859010142E-003
  9.402048241929880E-003 -2.502663051154000E-004 -2.200122011464460E-004
  4.437001024111283E-002  0.613927760261542     
 Design variables: -1.830689025139863E-004 -2.725129690143879E-004
  6.496128844156175E-003  5.855085021742109E-003  5.288510629673303E-003
  4.773014390312526E-003  4.221012161194354E-003  9.917889943760763E-003
  7.808775059863646E-003  7.097439273105125E-003  8.075266859010142E-003
  9.402048241929880E-003 -2.502663051154000E-004 -2.200122011464460E-004
  4.437001024111283E-002  0.613927760261542     
 Mean drag value and variance:  4.934910121604258E-003  5.280332737158535E-008
 Calc con  2.638131589354083E-004  1.214512344440238E-004
  5.377976937102960E-003  4.838161387550503E-003  4.366010665703936E-003
  3.931686496931684E-003  3.463505600604780E-003  5.852947159918639E-003
  5.960634322847724E-003  6.020987600311072E-003  6.403648515550781E-003
  6.895855363682197E-003  1.415153690956008E-004  2.478923072041076E-004
  4.911441965939489E-002  0.626928477181891     
 Design variables:  2.638131589354083E-004  1.214512344440238E-004
  5.377976937102960E-003  4.838161387550503E-003  4.366010665703936E-003
  3.931686496931684E-003  3.463505600604780E-003  5.852947159918639E-003
  5.960634322847724E-003  6.020987600311072E-003  6.403648515550781E-003
  6.895855363682197E-003  1.415153690956008E-004  2.478923072041076E-004
  4.911441965939489E-002  0.626928477181891     
 Constraint value, mean lift and its standard deviation: -1.544877347212825E-002
  0.678216289051490       2.092250519312063E-002
 Calc obj  2.638131589354083E-004  1.214512344440238E-004
  5.377976937102960E-003  4.838161387550503E-003  4.366010665703936E-003
  3.931686496931684E-003  3.463505600604780E-003  5.852947159918639E-003
  5.960634322847724E-003  6.020987600311072E-003  6.403648515550781E-003
  6.895855363682197E-003  1.415153690956008E-004  2.478923072041076E-004
  4.911441965939489E-002  0.626928477181891     
 Design variables:  2.638131589354083E-004  1.214512344440238E-004
  5.377976937102960E-003  4.838161387550503E-003  4.366010665703936E-003
  3.931686496931684E-003  3.463505600604780E-003  5.852947159918639E-003
  5.960634322847724E-003  6.020987600311072E-003  6.403648515550781E-003
  6.895855363682197E-003  1.415153690956008E-004  2.478923072041076E-004
  4.911441965939489E-002  0.626928477181891     
 Mean drag value and variance:  4.929942838400710E-003  7.659381178709936E-008
 Calc con  4.850876827951329E-004  3.165553316951154E-004
  4.830648622797583E-003  4.341085593055456E-003  3.915767344383311E-003
  3.521633499543701E-003  3.094802208417379E-003  3.820475767997576E-003
  5.049831881373624E-003  5.504486712320280E-003  5.598314620154426E-003
  5.674807415448751E-003  3.355575585372347E-004  4.795555600524516E-004
  5.158218560056768E-002  0.633359389254161     
 Design variables:  4.850876827951329E-004  3.165553316951154E-004
  4.830648622797583E-003  4.341085593055456E-003  3.915767344383311E-003
  3.521633499543701E-003  3.094802208417379E-003  3.820475767997576E-003
  5.049831881373624E-003  5.504486712320280E-003  5.598314620154426E-003
  5.674807415448751E-003  3.355575585372347E-004  4.795555600524516E-004
  5.158218560056768E-002  0.633359389254161     
 Constraint value, mean lift and its standard deviation: -1.778286265913120E-002
  0.681501808264445       2.123964853510474E-002
 Calc obj  4.850876827951329E-004  3.165553316951154E-004
  4.830648622797583E-003  4.341085593055456E-003  3.915767344383311E-003
  3.521633499543701E-003  3.094802208417379E-003  3.820475767997576E-003
  5.049831881373624E-003  5.504486712320280E-003  5.598314620154426E-003
  5.674807415448751E-003  3.355575585372347E-004  4.795555600524516E-004
  5.158218560056768E-002  0.633359389254161     
 Design variables:  4.850876827951329E-004  3.165553316951154E-004
  4.830648622797583E-003  4.341085593055456E-003  3.915767344383311E-003
  3.521633499543701E-003  3.094802208417379E-003  3.820475767997576E-003
  5.049831881373624E-003  5.504486712320280E-003  5.598314620154426E-003
  5.674807415448751E-003  3.355575585372347E-004  4.795555600524516E-004
  5.158218560056768E-002  0.633359389254161     
 Mean drag value and variance:  5.003154833574701E-003  1.525051370443228E-007
    5  0.5003307E-02  0.4461314E-01  0.1188241E-02  0.5125707E-01  0.1882506E-03
 Calc con  4.432329453698600E-004  3.180406965900167E-004
  7.306913506733459E-003  6.956432905517072E-003  6.600543580136724E-003
  6.223577955403408E-003  5.754766246792423E-003  9.230757100400146E-003
  7.553833251197150E-003  7.014165079605965E-003  7.162897686145846E-003
  7.744079998359174E-003  3.383860328375747E-004  4.394722568186046E-004
  4.065117397007093E-002  0.613265462873757     
 Design variables:  4.432329453698600E-004  3.180406965900167E-004
  7.306913506733459E-003  6.956432905517072E-003  6.600543580136724E-003
  6.223577955403408E-003  5.754766246792423E-003  9.230757100400146E-003
  7.553833251197150E-003  7.014165079605965E-003  7.162897686145846E-003
  7.744079998359174E-003  3.383860328375747E-004  4.394722568186046E-004
  4.065117397007093E-002  0.613265462873757     
 Constraint value, mean lift and its standard deviation: -3.124995989160523E-003
  0.662097494609705       1.965749954018151E-002
 Calc obj  4.432329453698600E-004  3.180406965900167E-004
  7.306913506733459E-003  6.956432905517072E-003  6.600543580136724E-003
  6.223577955403408E-003  5.754766246792423E-003  9.230757100400146E-003
  7.553833251197150E-003  7.014165079605965E-003  7.162897686145846E-003
  7.744079998359174E-003  3.383860328375747E-004  4.394722568186046E-004
  4.065117397007093E-002  0.613265462873757     
 Design variables:  4.432329453698600E-004  3.180406965900167E-004
  7.306913506733459E-003  6.956432905517072E-003  6.600543580136724E-003
  6.223577955403408E-003  5.754766246792423E-003  9.230757100400146E-003
  7.553833251197150E-003  7.014165079605965E-003  7.162897686145846E-003
  7.744079998359174E-003  3.383860328375747E-004  4.394722568186046E-004
  4.065117397007093E-002  0.613265462873757     
 Mean drag value and variance:  4.653749568391469E-003  3.948218313289996E-008
 Calc con  4.454446164851626E-004  3.198755185256286E-004
  7.343557568325893E-003  6.995719822913976E-003  6.641749958730843E-003
  6.265983487345131E-003  5.797420289373750E-003  9.153779069121409E-003
  7.570506435602593E-003  7.079702168594800E-003  7.240509468981266E-003
  7.805441015143633E-003  3.403450443267755E-004  4.416832926101044E-004
  4.108257629300351E-002  0.613769924377324     
 Design variables:  4.454446164851626E-004  3.198755185256286E-004
  7.343557568325893E-003  6.995719822913976E-003  6.641749958730843E-003
  6.265983487345131E-003  5.797420289373750E-003  9.153779069121409E-003
  7.570506435602593E-003  7.079702168594800E-003  7.240509468981266E-003
  7.805441015143633E-003  3.403450443267755E-004  4.416832926101044E-004
  4.108257629300351E-002  0.613769924377324     
 Constraint value, mean lift and its standard deviation: -8.788385469875273E-003
  0.668203988036858       1.980520085566087E-002
 Calc obj  4.454446164851626E-004  3.198755185256286E-004
  7.343557568325893E-003  6.995719822913976E-003  6.641749958730843E-003
  6.265983487345131E-003  5.797420289373750E-003  9.153779069121409E-003
  7.570506435602593E-003  7.079702168594800E-003  7.240509468981266E-003
  7.805441015143633E-003  3.403450443267755E-004  4.416832926101044E-004
  4.108257629300351E-002  0.613769924377324     
 Design variables:  4.454446164851626E-004  3.198755185256286E-004
  7.343557568325893E-003  6.995719822913976E-003  6.641749958730843E-003
  6.265983487345131E-003  5.797420289373750E-003  9.153779069121409E-003
  7.570506435602593E-003  7.079702168594800E-003  7.240509468981266E-003
  7.805441015143633E-003  3.403450443267755E-004  4.416832926101044E-004
  4.108257629300351E-002  0.613769924377324     
 Mean drag value and variance:  4.707984573856384E-003  4.997649854232770E-008
    6  0.4708035E-02  0.2009393E-01  0.5091377E-03  0.2469379E-01  0.1308660E-03
 Calc con  5.933809427418657E-004  4.414441952186843E-004
  8.234978495745992E-003  7.960685141163508E-003  7.685627693977134E-003
  7.400330141222919E-003  7.047556044499302E-003  9.640920594655808E-003
  8.602286204227380E-003  7.347163181041354E-003  7.217748076790592E-003
  8.119346043356127E-003  4.661255665620363E-004  5.860655588763448E-004
  3.740517458910599E-002  0.608689967553023     
 Design variables:  5.933809427418657E-004  4.414441952186843E-004
  8.234978495745992E-003  7.960685141163508E-003  7.685627693977134E-003
  7.400330141222919E-003  7.047556044499302E-003  9.640920594655808E-003
  8.602286204227380E-003  7.347163181041354E-003  7.217748076790592E-003
  8.119346043356127E-003  4.661255665620363E-004  5.860655588763448E-004
  3.740517458910599E-002  0.608689967553023     
 Constraint value, mean lift and its standard deviation: -2.588075609176406E-003
  0.660223924053145       1.921194948132302E-002
 Calc obj  5.933809427418657E-004  4.414441952186843E-004
  8.234978495745992E-003  7.960685141163508E-003  7.685627693977134E-003
  7.400330141222919E-003  7.047556044499302E-003  9.640920594655808E-003
  8.602286204227380E-003  7.347163181041354E-003  7.217748076790592E-003
  8.119346043356127E-003  4.661255665620363E-004  5.860655588763448E-004
  3.740517458910599E-002  0.608689967553023     
 Design variables:  5.933809427418657E-004  4.414441952186843E-004
  8.234978495745992E-003  7.960685141163508E-003  7.685627693977134E-003
  7.400330141222919E-003  7.047556044499302E-003  9.640920594655808E-003
  8.602286204227380E-003  7.347163181041354E-003  7.217748076790592E-003
  8.119346043356127E-003  4.661255665620363E-004  5.860655588763448E-004
  3.740517458910599E-002  0.608689967553023     
 Mean drag value and variance:  4.584989734417836E-003  4.035958121344414E-008
    7  0.4585030E-02  0.5079957E-02  0.1812503E-02  0.2905948E-01  0.1372230E-04
 Calc con  1.114223869350907E-003  1.043026039369833E-003
  9.650136270150590E-003  9.574606988658054E-003  9.498376099250637E-003
  9.427695931445563E-003  9.359899802539248E-003  9.894014195887642E-003
  9.680861093838910E-003  8.183417409070019E-003  6.882558688668329E-003
  9.265328752334868E-003  1.064280287763477E-003  1.122661996968132E-003
  3.066095781767399E-002  0.601705199182219     
 Design variables:  1.114223869350907E-003  1.043026039369833E-003
  9.650136270150590E-003  9.574606988658054E-003  9.498376099250637E-003
  9.427695931445563E-003  9.359899802539248E-003  9.894014195887642E-003
  9.680861093838910E-003  8.183417409070019E-003  6.882558688668329E-003
  9.265328752334868E-003  1.064280287763477E-003  1.122661996968132E-003
  3.066095781767399E-002  0.601705199182219     
 Constraint value, mean lift and its standard deviation:  1.279350943427945E-003
  0.653770433133129       1.834992802551888E-002
 Calc obj  1.114223869350907E-003  1.043026039369833E-003
  9.650136270150590E-003  9.574606988658054E-003  9.498376099250637E-003
  9.427695931445563E-003  9.359899802539248E-003  9.894014195887642E-003
  9.680861093838910E-003  8.183417409070019E-003  6.882558688668329E-003
  9.265328752334868E-003  1.064280287763477E-003  1.122661996968132E-003
  3.066095781767399E-002  0.601705199182219     
 Design variables:  1.114223869350907E-003  1.043026039369833E-003
  9.650136270150590E-003  9.574606988658054E-003  9.498376099250637E-003
  9.427695931445563E-003  9.359899802539248E-003  9.894014195887642E-003
  9.680861093838910E-003  8.183417409070019E-003  6.882558688668329E-003
  9.265328752334868E-003  1.064280287763477E-003  1.122661996968132E-003
  3.066095781767399E-002  0.601705199182219     
 Mean drag value and variance:  4.424745756807943E-003  3.209934372995767E-008
    8  0.4424778E-02  0.6984768E-02  0.1963164E-02  0.2754399E-01  0.3019348E-05
 Calc con  1.231243909442522E-003  1.223724267978481E-003
  9.962170006254273E-003  9.957656663089044E-003  9.953545330154884E-003
  9.950043149456673E-003  9.948417260662730E-003  9.983428552761206E-003
  9.981072714856376E-003  9.769542251405566E-003  6.707165314019887E-003
  9.976413420659627E-003  1.226671316799842E-003  1.231650916592245E-003
  2.809340904924364E-002  0.600025223913207     
 Design variables:  1.231243909442522E-003  1.223724267978481E-003
  9.962170006254273E-003  9.957656663089044E-003  9.953545330154884E-003
  9.950043149456673E-003  9.948417260662730E-003  9.983428552761206E-003
  9.981072714856376E-003  9.769542251405566E-003  6.707165314019887E-003
  9.976413420659627E-003  1.226671316799842E-003  1.231650916592245E-003
  2.809340904924364E-002  0.600025223913207     
 Constraint value, mean lift and its standard deviation:  2.826224433252533E-003
  0.652881853013051       1.856935914876775E-002
 Calc obj  1.231243909442522E-003  1.223724267978481E-003
  9.962170006254273E-003  9.957656663089044E-003  9.953545330154884E-003
  9.950043149456673E-003  9.948417260662730E-003  9.983428552761206E-003
  9.981072714856376E-003  9.769542251405566E-003  6.707165314019887E-003
  9.976413420659627E-003  1.226671316799842E-003  1.231650916592245E-003
  2.809340904924364E-002  0.600025223913207     
 Design variables:  1.231243909442522E-003  1.223724267978481E-003
  9.962170006254273E-003  9.957656663089044E-003  9.953545330154884E-003
  9.950043149456673E-003  9.948417260662730E-003  9.983428552761206E-003
  9.981072714856376E-003  9.769542251405566E-003  6.707165314019887E-003
  9.976413420659627E-003  1.226671316799842E-003  1.231650916592245E-003
  2.809340904924364E-002  0.600025223913207     
 Mean drag value and variance:  4.432259718936273E-003  3.095797378202159E-008
 Calc con  1.233372388104545E-003  1.226951762460345E-003
  9.967830056090690E-003  9.964730086328030E-003  9.962000784398939E-003
  9.959616493001358E-003  9.958730252810272E-003  9.985206667399932E-003
  9.986836881777924E-003  9.809799215217558E-003  6.760712908285752E-003
  9.986924767361391E-003  1.229451246705316E-003  1.233578525792183E-003
  2.833524426492970E-002  0.600157101215658     
 Design variables:  1.233372388104545E-003  1.226951762460345E-003
  9.967830056090690E-003  9.964730086328030E-003  9.962000784398939E-003
  9.959616493001358E-003  9.958730252810272E-003  9.985206667399932E-003
  9.986836881777924E-003  9.809799215217558E-003  6.760712908285752E-003
  9.986924767361391E-003  1.229451246705316E-003  1.233578525792183E-003
  2.833524426492970E-002  0.600157101215658     
 Constraint value, mean lift and its standard deviation:  1.018731431824960E-004
  0.655962520227808       1.868813112366350E-002
 Calc obj  1.233372388104545E-003  1.226951762460345E-003
  9.967830056090690E-003  9.964730086328030E-003  9.962000784398939E-003
  9.959616493001358E-003  9.958730252810272E-003  9.985206667399932E-003
  9.986836881777924E-003  9.809799215217558E-003  6.760712908285752E-003
  9.986924767361391E-003  1.229451246705316E-003  1.233578525792183E-003
  2.833524426492970E-002  0.600157101215658     
 Design variables:  1.233372388104545E-003  1.226951762460345E-003
  9.967830056090690E-003  9.964730086328030E-003  9.962000784398939E-003
  9.959616493001358E-003  9.958730252810272E-003  9.985206667399932E-003
  9.986836881777924E-003  9.809799215217558E-003  6.760712908285752E-003
  9.986924767361391E-003  1.229451246705316E-003  1.233578525792183E-003
  2.833524426492970E-002  0.600157101215658     
 Mean drag value and variance:  4.456957483308565E-003  3.053544688960059E-008
    9  0.4456988E-02  0.2567549E-02  0.2104122E-03  0.3067028E-01  0.1029643E-05
 Calc con  1.240171716385696E-003  1.236317301076140E-003
  9.980901428707362E-003  9.979141898975757E-003  9.977640779415705E-003
  9.976345212351847E-003  9.975879944144075E-003  9.991352841876860E-003
  9.992745340903436E-003  9.998107892152176E-003  7.991663297675290E-003
  9.993260505760639E-003  1.237754205246011E-003  1.240170305590120E-003
  2.738244324690582E-002  0.600181815993326     
 Design variables:  1.240171716385696E-003  1.236317301076140E-003
  9.980901428707362E-003  9.979141898975757E-003  9.977640779415705E-003
  9.976345212351847E-003  9.975879944144075E-003  9.991352841876860E-003
  9.992745340903436E-003  9.998107892152176E-003  7.991663297675290E-003
  9.993260505760639E-003  1.237754205246011E-003  1.240170305590120E-003
  2.738244324690582E-002  0.600181815993326     
 Constraint value, mean lift and its standard deviation:  2.581743037135889E-004
  0.655364393233952       1.854085584588843E-002
 Calc obj  1.240171716385696E-003  1.236317301076140E-003
  9.980901428707362E-003  9.979141898975757E-003  9.977640779415705E-003
  9.976345212351847E-003  9.975879944144075E-003  9.991352841876860E-003
  9.992745340903436E-003  9.998107892152176E-003  7.991663297675290E-003
  9.993260505760639E-003  1.237754205246011E-003  1.240170305590120E-003
  2.738244324690582E-002  0.600181815993326     
 Design variables:  1.240171716385696E-003  1.236317301076140E-003
  9.980901428707362E-003  9.979141898975757E-003  9.977640779415705E-003
  9.976345212351847E-003  9.975879944144075E-003  9.991352841876860E-003
  9.992745340903436E-003  9.998107892152176E-003  7.991663297675290E-003
  9.993260505760639E-003  1.237754205246011E-003  1.240170305590120E-003
  2.738244324690582E-002  0.600181815993326     
 Mean drag value and variance:  4.475058065625152E-003  3.176642493773961E-008
 Calc con  1.240180822377079E-003  1.236329618112579E-003
  9.980919245221744E-003  9.979162006805178E-003  9.977662741468954E-003
  9.976368365625326E-003  9.975902751317387E-003  9.991363120058874E-003
  9.992754818719833E-003  9.998107892152176E-003  7.990207087226888E-003
  9.993263587381422E-003  1.237764502952403E-003  1.240178830713496E-003
  2.739137220634033E-002  0.600182502993341     
 Design variables:  1.240180822377079E-003  1.236329618112579E-003
  9.980919245221744E-003  9.979162006805178E-003  9.977662741468954E-003
  9.976368365625326E-003  9.975902751317387E-003  9.991363120058874E-003
  9.992754818719833E-003  9.998107892152176E-003  7.990207087226888E-003
  9.993263587381422E-003  1.237764502952403E-003  1.240178830713496E-003
  2.739137220634033E-002  0.600182502993341     
 Constraint value, mean lift and its standard deviation:  2.741552354506294E-004
  0.655502866144664       1.859234046003823E-002
 Calc obj  1.240180822377079E-003  1.236329618112579E-003
  9.980919245221744E-003  9.979162006805178E-003  9.977662741468954E-003
  9.976368365625326E-003  9.975902751317387E-003  9.991363120058874E-003
  9.992754818719833E-003  9.998107892152176E-003  7.990207087226888E-003
  9.993263587381422E-003  1.237764502952403E-003  1.240178830713496E-003
  2.739137220634033E-002  0.600182502993341     
 Design variables:  1.240180822377079E-003  1.236329618112579E-003
  9.980919245221744E-003  9.979162006805178E-003  9.977662741468954E-003
  9.976368365625326E-003  9.975902751317387E-003  9.991363120058874E-003
  9.992754818719833E-003  9.998107892152176E-003  7.990207087226888E-003
  9.993263587381422E-003  1.237764502952403E-003  1.240178830713496E-003
  2.739137220634033E-002  0.600182502993341     
 Mean drag value and variance:  4.473740531370457E-003  3.121074276828855E-008
 Calc con  1.236772052245121E-003  1.231634531768243E-003
  9.974365742399025E-003  9.971935992651894E-003  9.969820781907321E-003
  9.967980852676602E-003  9.967305098477174E-003  9.988279754638396E-003
  9.989791111340681E-003  9.903953553684867E-003  7.376188102980521E-003
  9.990092636561015E-003  1.233602725975664E-003  1.236874415691151E-003
  2.785884375591776E-002  0.600169458604492     
 Design variables:  1.236772052245121E-003  1.231634531768243E-003
  9.974365742399025E-003  9.971935992651894E-003  9.969820781907321E-003
  9.967980852676602E-003  9.967305098477174E-003  9.988279754638396E-003
  9.989791111340681E-003  9.903953553684867E-003  7.376188102980521E-003
  9.990092636561015E-003  1.233602725975664E-003  1.236874415691151E-003
  2.785884375591776E-002  0.600169458604492     
 Constraint value, mean lift and its standard deviation:  1.087485564663371E-004
  0.655661174343554       1.858997430000678E-002
 Calc obj  1.236772052245121E-003  1.231634531768243E-003
  9.974365742399025E-003  9.971935992651894E-003  9.969820781907321E-003
  9.967980852676602E-003  9.967305098477174E-003  9.988279754638396E-003
  9.989791111340681E-003  9.903953553684867E-003  7.376188102980521E-003
  9.990092636561015E-003  1.233602725975664E-003  1.236874415691151E-003
  2.785884375591776E-002  0.600169458604492     
 Design variables:  1.236772052245121E-003  1.231634531768243E-003
  9.974365742399025E-003  9.971935992651894E-003  9.969820781907321E-003
  9.967980852676602E-003  9.967305098477174E-003  9.988279754638396E-003
  9.989791111340681E-003  9.903953553684867E-003  7.376188102980521E-003
  9.990092636561015E-003  1.233602725975664E-003  1.236874415691151E-003
  2.785884375591776E-002  0.600169458604492     
 Mean drag value and variance:  4.466985047608183E-003  2.805143932855595E-008
   10  0.4467013E-02  0.3351219E-02  0.1961216E-03  0.3427682E-01  0.1000000E-10
 Calc con  1.236428968079486E-003  1.231169736562039E-003
  9.973524282144073E-003  9.970902107715097E-003  9.968668943708599E-003
  9.966807411842200E-003  9.966169308273976E-003  9.987452501082295E-003
  9.988736942440964E-003  9.906301163282246E-003  9.973771781029806E-003
  9.988879628328699E-003  1.233229473916232E-003  1.236526621455096E-003
  2.619668277040610E-002  0.600585415682507     
 Design variables:  1.236428968079486E-003  1.231169736562039E-003
  9.973524282144073E-003  9.970902107715097E-003  9.968668943708599E-003
  9.966807411842200E-003  9.966169308273976E-003  9.987452501082295E-003
  9.988736942440964E-003  9.906301163282246E-003  9.973771781029806E-003
  9.988879628328699E-003  1.233229473916232E-003  1.236526621455096E-003
  2.619668277040610E-002  0.600585415682507     
 Constraint value, mean lift and its standard deviation:  1.291846504058169E-003
  0.654970277161802       1.875404122195344E-002
 Calc obj  1.236428968079486E-003  1.231169736562039E-003
  9.973524282144073E-003  9.970902107715097E-003  9.968668943708599E-003
  9.966807411842200E-003  9.966169308273976E-003  9.987452501082295E-003
  9.988736942440964E-003  9.906301163282246E-003  9.973771781029806E-003
  9.988879628328699E-003  1.233229473916232E-003  1.236526621455096E-003
  2.619668277040610E-002  0.600585415682507     
 Design variables:  1.236428968079486E-003  1.231169736562039E-003
  9.973524282144073E-003  9.970902107715097E-003  9.968668943708599E-003
  9.966807411842200E-003  9.966169308273976E-003  9.987452501082295E-003
  9.988736942440964E-003  9.906301163282246E-003  9.973771781029806E-003
  9.988879628328699E-003  1.233229473916232E-003  1.236526621455096E-003
  2.619668277040610E-002  0.600585415682507     
 Mean drag value and variance:  4.498494519443375E-003  3.067906088318541E-008
 Calc con  1.236471807317211E-003  1.231228960453213E-003
  9.973614303770053E-003  9.971003871513595E-003  9.968778175097805E-003
  9.966918405961670E-003  9.966273200831962E-003  9.987496880980502E-003
  9.988782891865271E-003  9.906478973085643E-003  9.973771781029806E-003
  9.988928301759523E-003  1.233280147011797E-003  1.236569673284634E-003
  2.622829101047169E-002  0.600597580361001     
 Design variables:  1.236471807317211E-003  1.231228960453213E-003
  9.973614303770053E-003  9.971003871513595E-003  9.968778175097805E-003
  9.966918405961670E-003  9.966273200831962E-003  9.987496880980502E-003
  9.988782891865271E-003  9.906478973085643E-003  9.973771781029806E-003
  9.988928301759523E-003  1.233280147011797E-003  1.236569673284634E-003
  2.622829101047169E-002  0.600597580361001     
 Constraint value, mean lift and its standard deviation:  6.535441053648616E-004
  0.655242513051752       1.863201905237232E-002
 Calc obj  1.236471807317211E-003  1.231228960453213E-003
  9.973614303770053E-003  9.971003871513595E-003  9.968778175097805E-003
  9.966918405961670E-003  9.966273200831962E-003  9.987496880980502E-003
  9.988782891865271E-003  9.906478973085643E-003  9.973771781029806E-003
  9.988928301759523E-003  1.233280147011797E-003  1.236569673284634E-003
  2.622829101047169E-002  0.600597580361001     
 Design variables:  1.236471807317211E-003  1.231228960453213E-003
  9.973614303770053E-003  9.971003871513595E-003  9.968778175097805E-003
  9.966918405961670E-003  9.966273200831962E-003  9.987496880980502E-003
  9.988782891865271E-003  9.906478973085643E-003  9.973771781029806E-003
  9.988928301759523E-003  1.233280147011797E-003  1.236569673284634E-003
  2.622829101047169E-002  0.600597580361001     
 Mean drag value and variance:  4.501819439946273E-003  3.047464720231467E-008
 Calc con  1.236459725934699E-003  1.231212258324018E-003
  9.973588916163841E-003  9.970975172418075E-003  9.968747370016637E-003
  9.966887103761046E-003  9.966243901390615E-003  9.987484365105931E-003
  9.988769933358054E-003  9.906428827743117E-003  9.973771781029806E-003
  9.988914575036846E-003  1.233265856350172E-003  1.236557531947671E-003
  2.621937695739715E-002  0.600594149717932     
 Design variables:  1.236459725934699E-003  1.231212258324018E-003
  9.973588916163841E-003  9.970975172418075E-003  9.968747370016637E-003
  9.966887103761046E-003  9.966243901390615E-003  9.987484365105931E-003
  9.988769933358054E-003  9.906428827743117E-003  9.973771781029806E-003
  9.988914575036846E-003  1.233265856350172E-003  1.236557531947671E-003
  2.621937695739715E-002  0.600594149717932     
 Constraint value, mean lift and its standard deviation:  8.278996385404913E-004
  0.655152448247223       1.866011596192116E-002
 Calc obj  1.236459725934699E-003  1.231212258324018E-003
  9.973588916163841E-003  9.970975172418075E-003  9.968747370016637E-003
  9.966887103761046E-003  9.966243901390615E-003  9.987484365105931E-003
  9.988769933358054E-003  9.906428827743117E-003  9.973771781029806E-003
  9.988914575036846E-003  1.233265856350172E-003  1.236557531947671E-003
  2.621937695739715E-002  0.600594149717932     
 Design variables:  1.236459725934699E-003  1.231212258324018E-003
  9.973588916163841E-003  9.970975172418075E-003  9.968747370016637E-003
  9.966887103761046E-003  9.966243901390615E-003  9.987484365105931E-003
  9.988769933358054E-003  9.906428827743117E-003  9.973771781029806E-003
  9.988914575036846E-003  1.233265856350172E-003  1.236557531947671E-003
  2.621937695739715E-002  0.600594149717932     
 Mean drag value and variance:  4.500705244866097E-003  3.158194176187932E-008
 Calc con  1.236600510162303E-003  1.231402134165141E-003
  9.973945012271550E-003  9.971419050183495E-003  9.969244862807961E-003
  9.967394132259402E-003  9.966737203375575E-003  9.987866127860345E-003
  9.989264026890822E-003  9.905127358483557E-003  8.674979942005164E-003
  9.989486132444856E-003  1.233416099945948E-003  1.236700518573124E-003
  2.702776326316193E-002  0.600377437143500     
 Design variables:  1.236600510162303E-003  1.231402134165141E-003
  9.973945012271550E-003  9.971419050183495E-003  9.969244862807961E-003
  9.967394132259402E-003  9.966737203375575E-003  9.987866127860345E-003
  9.989264026890822E-003  9.905127358483557E-003  8.674979942005164E-003
  9.989486132444856E-003  1.233416099945948E-003  1.236700518573124E-003
  2.702776326316193E-002  0.600377437143500     
 Constraint value, mean lift and its standard deviation:  6.807748729569935E-004
  0.655302250413234       1.866100842873033E-002
 Calc obj  1.236600510162303E-003  1.231402134165141E-003
  9.973945012271550E-003  9.971419050183495E-003  9.969244862807961E-003
  9.967394132259402E-003  9.966737203375575E-003  9.987866127860345E-003
  9.989264026890822E-003  9.905127358483557E-003  8.674979942005164E-003
  9.989486132444856E-003  1.233416099945948E-003  1.236700518573124E-003
  2.702776326316193E-002  0.600377437143500     
 Design variables:  1.236600510162303E-003  1.231402134165141E-003
  9.973945012271550E-003  9.971419050183495E-003  9.969244862807961E-003
  9.967394132259402E-003  9.966737203375575E-003  9.987866127860345E-003
  9.989264026890822E-003  9.905127358483557E-003  8.674979942005164E-003
  9.989486132444856E-003  1.233416099945948E-003  1.236700518573124E-003
  2.702776326316193E-002  0.600377437143500     
 Mean drag value and variance:  4.480049048827873E-003  3.007589325544697E-008
 Calc con  1.236686281203712E-003  1.231518332966692E-003
  9.974155377335286E-003  9.971677521417695E-003  9.969532822357640E-003
  9.967687492468002E-003  9.967021150926375E-003  9.988072941249371E-003
  9.989527569115753E-003  9.904540456084212E-003  8.025584022492843E-003
  9.989789384502935E-003  1.233509412960806E-003  1.236787467132138E-003
  2.744330350953985E-002  0.600273447873996     
 Design variables:  1.236686281203712E-003  1.231518332966692E-003
  9.974155377335286E-003  9.971677521417695E-003  9.969532822357640E-003
  9.967687492468002E-003  9.967021150926375E-003  9.988072941249371E-003
  9.989527569115753E-003  9.904540456084212E-003  8.025584022492843E-003
  9.989789384502935E-003  1.233509412960806E-003  1.236787467132138E-003
  2.744330350953985E-002  0.600273447873996     
 Constraint value, mean lift and its standard deviation:  5.360359425893163E-004
  0.655494349231266       1.867679505795168E-002
 Calc obj  1.236686281203712E-003  1.231518332966692E-003
  9.974155377335286E-003  9.971677521417695E-003  9.969532822357640E-003
  9.967687492468002E-003  9.967021150926375E-003  9.988072941249371E-003
  9.989527569115753E-003  9.904540456084212E-003  8.025584022492843E-003
  9.989789384502935E-003  1.233509412960806E-003  1.236787467132138E-003
  2.744330350953985E-002  0.600273447873996     
 Design variables:  1.236686281203712E-003  1.231518332966692E-003
  9.974155377335286E-003  9.971677521417695E-003  9.969532822357640E-003
  9.967687492468002E-003  9.967021150926375E-003  9.988072941249371E-003
  9.989527569115753E-003  9.904540456084212E-003  8.025584022492843E-003
  9.989789384502935E-003  1.233509412960806E-003  1.236787467132138E-003
  2.744330350953985E-002  0.600273447873996     
 Mean drag value and variance:  4.470234658809495E-003  3.030691525323674E-008
 Calc con  1.236729166724416E-003  1.231576432367467E-003
  9.974260559867157E-003  9.971806757034794E-003  9.969676802132480E-003
  9.967834172572302E-003  9.967163124701774E-003  9.988176347943883E-003
  9.989659340228217E-003  9.904247004884539E-003  7.700886062736682E-003
  9.989941010531975E-003  1.233556069468235E-003  1.236830941411645E-003
  2.765107363272880E-002  0.600221453239244     
 Design variables:  1.236729166724416E-003  1.231576432367467E-003
  9.974260559867157E-003  9.971806757034794E-003  9.969676802132480E-003
  9.967834172572302E-003  9.967163124701774E-003  9.988176347943883E-003
  9.989659340228217E-003  9.904247004884539E-003  7.700886062736682E-003
  9.989941010531975E-003  1.233556069468235E-003  1.236830941411645E-003
  2.765107363272880E-002  0.600221453239244     
 Constraint value, mean lift and its standard deviation:  4.328159477291066E-004
  0.655605273507577       1.867936315176872E-002
 Calc obj  1.236729166724416E-003  1.231576432367467E-003
  9.974260559867157E-003  9.971806757034794E-003  9.969676802132480E-003
  9.967834172572302E-003  9.967163124701774E-003  9.988176347943883E-003
  9.989659340228217E-003  9.904247004884539E-003  7.700886062736682E-003
  9.989941010531975E-003  1.233556069468235E-003  1.236830941411645E-003
  2.765107363272880E-002  0.600221453239244     
 Design variables:  1.236729166724416E-003  1.231576432367467E-003
  9.974260559867157E-003  9.971806757034794E-003  9.969676802132480E-003
  9.967834172572302E-003  9.967163124701774E-003  9.988176347943883E-003
  9.989659340228217E-003  9.904247004884539E-003  7.700886062736682E-003
  9.989941010531975E-003  1.233556069468235E-003  1.236830941411645E-003
  2.765107363272880E-002  0.600221453239244     
 Mean drag value and variance:  4.469458499732212E-003  3.015989688358702E-008
 Calc con  1.236750609484769E-003  1.231605482067855E-003
  9.974313151133091E-003  9.971871374843344E-003  9.969748792019902E-003
  9.967907512624453E-003  9.967234111589474E-003  9.988228051291140E-003
  9.989725225784448E-003  9.904100279284704E-003  7.538537082858602E-003
  9.990016823546496E-003  1.233579397721949E-003  1.236852678551398E-003
  2.775495869432328E-002  0.600195455921868     
 Design variables:  1.236750609484769E-003  1.231605482067855E-003
  9.974313151133091E-003  9.971871374843344E-003  9.969748792019902E-003
  9.967907512624453E-003  9.967234111589474E-003  9.988228051291140E-003
  9.989725225784448E-003  9.904100279284704E-003  7.538537082858602E-003
  9.990016823546496E-003  1.233579397721949E-003  1.236852678551398E-003
  2.775495869432328E-002  0.600195455921868     
 Constraint value, mean lift and its standard deviation:  2.995396126728583E-004
  0.655630294524773       1.864327804581531E-002
 Calc obj  1.236750609484769E-003  1.231605482067855E-003
  9.974313151133091E-003  9.971871374843344E-003  9.969748792019902E-003
  9.967907512624453E-003  9.967234111589474E-003  9.988228051291140E-003
  9.989725225784448E-003  9.904100279284704E-003  7.538537082858602E-003
  9.990016823546496E-003  1.233579397721949E-003  1.236852678551398E-003
  2.775495869432328E-002  0.600195455921868     
 Design variables:  1.236750609484769E-003  1.231605482067855E-003
  9.974313151133091E-003  9.971871374843344E-003  9.969748792019902E-003
  9.967907512624453E-003  9.967234111589474E-003  9.988228051291140E-003
  9.989725225784448E-003  9.904100279284704E-003  7.538537082858602E-003
  9.990016823546496E-003  1.233579397721949E-003  1.236852678551398E-003
  2.775495869432328E-002  0.600195455921868     
 Mean drag value and variance:  4.466381673078112E-003  3.051737499774095E-008
   11  0.4466412E-02  0.1073277E-01  0.3863668E-03  0.2839534E-01  0.8859510E-07
 Calc con  1.236901857181903E-003  1.231605940371321E-003
  9.972458115502609E-003  9.968774562357769E-003  9.965943668244595E-003
  9.964112658904643E-003  9.963410812964401E-003  9.925623611888966E-003
  9.937307834636235E-003  9.935426518294066E-003  1.000000961727869E-002
  9.982894248503196E-003  1.233666156976601E-003  1.236821373492675E-003
  2.622472067883659E-002  0.600671242848201     
 Design variables:  1.236901857181903E-003  1.231605940371321E-003
  9.972458115502609E-003  9.968774562357769E-003  9.965943668244595E-003
  9.964112658904643E-003  9.963410812964401E-003  9.925623611888966E-003
  9.937307834636235E-003  9.935426518294066E-003  1.000000961727869E-002
  9.982894248503196E-003  1.233666156976601E-003  1.236821373492675E-003
  2.622472067883659E-002  0.600671242848201     
 Constraint value, mean lift and its standard deviation:  1.238746466538057E-003
  0.655012951338290       1.875056593494268E-002
 Calc obj  1.236901857181903E-003  1.231605940371321E-003
  9.972458115502609E-003  9.968774562357769E-003  9.965943668244595E-003
  9.964112658904643E-003  9.963410812964401E-003  9.925623611888966E-003
  9.937307834636235E-003  9.935426518294066E-003  1.000000961727869E-002
  9.982894248503196E-003  1.233666156976601E-003  1.236821373492675E-003
  2.622472067883659E-002  0.600671242848201     
 Design variables:  1.236901857181903E-003  1.231605940371321E-003
  9.972458115502609E-003  9.968774562357769E-003  9.965943668244595E-003
  9.964112658904643E-003  9.963410812964401E-003  9.925623611888966E-003
  9.937307834636235E-003  9.935426518294066E-003  1.000000961727869E-002
  9.982894248503196E-003  1.233666156976601E-003  1.236821373492675E-003
  2.622472067883659E-002  0.600671242848201     
 Mean drag value and variance:  4.498407736536644E-003  3.205109990504776E-008
 Calc con  1.237111948433978E-003  1.231882670585907E-003
  9.972914919720898E-003  9.969309706199192E-003  9.966508588200102E-003
  9.964650127657869E-003  9.963873380368121E-003  9.928622775963691E-003
  9.939083519495595E-003  9.935915235964156E-003  1.000000961727869E-002
  9.983109465197025E-003  1.233887819169483E-003  1.237032953647945E-003
  2.624885925004086E-002  0.600674608877718     
 Design variables:  1.237111948433978E-003  1.231882670585907E-003
  9.972914919720898E-003  9.969309706199192E-003  9.966508588200102E-003
  9.964650127657869E-003  9.963873380368121E-003  9.928622775963691E-003
  9.939083519495595E-003  9.935915235964156E-003  1.000000961727869E-002
  9.983109465197025E-003  1.233887819169483E-003  1.237032953647945E-003
  2.624885925004086E-002  0.600674608877718     
 Constraint value, mean lift and its standard deviation:  1.036437502938664E-003
  0.655314802984446       1.878374682912812E-002
 Calc obj  1.237111948433978E-003  1.231882670585907E-003
  9.972914919720898E-003  9.969309706199192E-003  9.966508588200102E-003
  9.964650127657869E-003  9.963873380368121E-003  9.928622775963691E-003
  9.939083519495595E-003  9.935915235964156E-003  1.000000961727869E-002
  9.983109465197025E-003  1.233887819169483E-003  1.237032953647945E-003
  2.624885925004086E-002  0.600674608877718     
 Design variables:  1.237111948433978E-003  1.231882670585907E-003
  9.972914919720898E-003  9.969309706199192E-003  9.966508588200102E-003
  9.964650127657869E-003  9.963873380368121E-003  9.928622775963691E-003
  9.939083519495595E-003  9.935915235964156E-003  1.000000961727869E-002
  9.983109465197025E-003  1.233887819169483E-003  1.237032953647945E-003
  2.624885925004086E-002  0.600674608877718     
 Mean drag value and variance:  4.499444843278670E-003  3.093449900647884E-008
 Calc con  1.237121928758556E-003  1.231895816575257E-003
  9.972936620074065E-003  9.969335128053654E-003  9.966535424560309E-003
  9.964675659956597E-003  9.963895354499756E-003  9.928765250391519E-003
  9.939167872894755E-003  9.935938452356683E-003  1.000000961727869E-002
  9.983119689004243E-003  1.233898349168282E-003  1.237043004702442E-003
  2.625000594593186E-002  0.600674768779984     
 Design variables:  1.237121928758556E-003  1.231895816575257E-003
  9.972936620074065E-003  9.969335128053654E-003  9.966535424560309E-003
  9.964675659956597E-003  9.963895354499756E-003  9.928765250391519E-003
  9.939167872894755E-003  9.935938452356683E-003  1.000000961727869E-002
  9.983119689004243E-003  1.233898349168282E-003  1.237043004702442E-003
  2.625000594593186E-002  0.600674768779984     
 Constraint value, mean lift and its standard deviation:  9.654516298175375E-004
  0.655321183859486       1.876221182976793E-002
 Calc obj  1.237121928758556E-003  1.231895816575257E-003
  9.972936620074065E-003  9.969335128053654E-003  9.966535424560309E-003
  9.964675659956597E-003  9.963895354499756E-003  9.928765250391519E-003
  9.939167872894755E-003  9.935938452356683E-003  1.000000961727869E-002
  9.983119689004243E-003  1.233898349168282E-003  1.237043004702442E-003
  2.625000594593186E-002  0.600674768779984     
 Design variables:  1.237121928758556E-003  1.231895816575257E-003
  9.972936620074065E-003  9.969335128053654E-003  9.966535424560309E-003
  9.964675659956597E-003  9.963895354499756E-003  9.928765250391519E-003
  9.939167872894755E-003  9.935938452356683E-003  1.000000961727869E-002
  9.983119689004243E-003  1.233898349168282E-003  1.237043004702442E-003
  2.625000594593186E-002  0.600674768779984     
 Mean drag value and variance:  4.501212098970980E-003  3.228433531278399E-008
 Calc con  1.237109953733712E-003  1.231880043185541E-003
  9.972910582617440E-003  9.969304625304333E-003  9.966503224597504E-003
  9.964645024689257E-003  9.963868988546403E-003  9.928594300559226E-003
  9.939066660349742E-003  9.935910595860121E-003  1.000000961727869E-002
  9.983107421833524E-003  1.233885714609533E-003  1.237030944811367E-003
  2.624863006765498E-002  0.600674576919129     
 Design variables:  1.237109953733712E-003  1.231880043185541E-003
  9.972910582617440E-003  9.969304625304333E-003  9.966503224597504E-003
  9.964645024689257E-003  9.963868988546403E-003  9.928594300559226E-003
  9.939066660349742E-003  9.935910595860121E-003  1.000000961727869E-002
  9.983107421833524E-003  1.233885714609533E-003  1.237030944811367E-003
  2.624863006765498E-002  0.600674576919129     
 Constraint value, mean lift and its standard deviation:  1.065319991122818E-003
  0.655304659266779       1.878999308596726E-002
 Calc obj  1.237109953733712E-003  1.231880043185541E-003
  9.972910582617440E-003  9.969304625304333E-003  9.966503224597504E-003
  9.964645024689257E-003  9.963868988546403E-003  9.928594300559226E-003
  9.939066660349742E-003  9.935910595860121E-003  1.000000961727869E-002
  9.983107421833524E-003  1.233885714609533E-003  1.237030944811367E-003
  2.624863006765498E-002  0.600674576919129     
 Design variables:  1.237109953733712E-003  1.231880043185541E-003
  9.972910582617440E-003  9.969304625304333E-003  9.966503224597504E-003
  9.964645024689257E-003  9.963868988546403E-003  9.928594300559226E-003
  9.939066660349742E-003  9.935910595860121E-003  1.000000961727869E-002
  9.983107421833524E-003  1.233885714609533E-003  1.237030944811367E-003
  2.624863006765498E-002  0.600674576919129     
 Mean drag value and variance:  4.498006171341807E-003  3.051683098131332E-008
 Calc con  1.236826233333336E-003  1.231605711219588E-003
  9.973385633317849E-003  9.970322968600556E-003  9.967846230132247E-003
  9.966010085764549E-003  9.965322462276938E-003  9.956925831590052E-003
  9.963516530210341E-003  9.919763398789385E-003  8.769273350068647E-003
  9.986455536024846E-003  1.233622777349275E-003  1.236837026022037E-003
  2.698983968657994E-002  0.600433349385035     
 Design variables:  1.236826233333336E-003  1.231605711219588E-003
  9.973385633317849E-003  9.970322968600556E-003  9.967846230132247E-003
  9.966010085764549E-003  9.965322462276938E-003  9.956925831590052E-003
  9.963516530210341E-003  9.919763398789385E-003  8.769273350068647E-003
  9.986455536024846E-003  1.233622777349275E-003  1.236837026022037E-003
  2.698983968657994E-002  0.600433349385035     
 Constraint value, mean lift and its standard deviation:  7.215206366914736E-004
  0.655327388991336       1.868296987600910E-002
 Calc obj  1.236826233333336E-003  1.231605711219588E-003
  9.973385633317849E-003  9.970322968600556E-003  9.967846230132247E-003
  9.966010085764549E-003  9.965322462276938E-003  9.956925831590052E-003
  9.963516530210341E-003  9.919763398789385E-003  8.769273350068647E-003
  9.986455536024846E-003  1.233622777349275E-003  1.236837026022037E-003
  2.698983968657994E-002  0.600433349385035     
 Design variables:  1.236826233333336E-003  1.231605711219588E-003
  9.973385633317849E-003  9.970322968600556E-003  9.967846230132247E-003
  9.966010085764549E-003  9.965322462276938E-003  9.956925831590052E-003
  9.963516530210341E-003  9.919763398789385E-003  8.769273350068647E-003
  9.986455536024846E-003  1.233622777349275E-003  1.236837026022037E-003
  2.698983968657994E-002  0.600433349385035     
 Mean drag value and variance:  4.479633643567199E-003  3.074876671787361E-008
 Calc con  1.236788421409052E-003  1.231605596643721E-003
  9.973849392225471E-003  9.971097171721951E-003  9.968797511076075E-003
  9.966958799194500E-003  9.966278286933207E-003  9.972576941440596E-003
  9.976620877997394E-003  9.911931839037044E-003  8.153905216463624E-003
  9.988236179785670E-003  1.233601087535612E-003  1.236844852286717E-003
  2.737239919045161E-002  0.600314402653451     
 Design variables:  1.236788421409052E-003  1.231605596643721E-003
  9.973849392225471E-003  9.971097171721951E-003  9.968797511076075E-003
  9.966958799194500E-003  9.966278286933207E-003  9.972576941440596E-003
  9.976620877997394E-003  9.911931839037044E-003  8.153905216463624E-003
  9.988236179785670E-003  1.233601087535612E-003  1.236844852286717E-003
  2.737239919045161E-002  0.600314402653451     
 Constraint value, mean lift and its standard deviation:  3.489815648478750E-004
  0.655470980086593       1.860665388381352E-002
 Calc obj  1.236788421409052E-003  1.231605596643721E-003
  9.973849392225471E-003  9.971097171721951E-003  9.968797511076075E-003
  9.966958799194500E-003  9.966278286933207E-003  9.972576941440596E-003
  9.976620877997394E-003  9.911931839037044E-003  8.153905216463624E-003
  9.988236179785670E-003  1.233601087535612E-003  1.236844852286717E-003
  2.737239919045161E-002  0.600314402653451     
 Design variables:  1.236788421409052E-003  1.231605596643721E-003
  9.973849392225471E-003  9.971097171721951E-003  9.968797511076075E-003
  9.966958799194500E-003  9.966278286933207E-003  9.972576941440596E-003
  9.976620877997394E-003  9.911931839037044E-003  8.153905216463624E-003
  9.988236179785670E-003  1.233601087535612E-003  1.236844852286717E-003
  2.737239919045161E-002  0.600314402653451     
 Mean drag value and variance:  4.471747056319400E-003  3.038606985916154E-008
 Calc con  1.236769515446910E-003  1.231605539355788E-003
  9.974081271679281E-003  9.971484273282647E-003  9.969273151547988E-003
  9.967433155909478E-003  9.966756199261340E-003  9.980402496365868E-003
  9.983173051890922E-003  9.908016059160875E-003  7.846221149661112E-003
  9.989126501666083E-003  1.233590242628781E-003  1.236848765419058E-003
  2.756367894238745E-002  0.600254929287660     
 Design variables:  1.236769515446910E-003  1.231605539355788E-003
  9.974081271679281E-003  9.971484273282647E-003  9.969273151547988E-003
  9.967433155909478E-003  9.966756199261340E-003  9.980402496365868E-003
  9.983173051890922E-003  9.908016059160875E-003  7.846221149661112E-003
  9.989126501666083E-003  1.233590242628781E-003  1.236848765419058E-003
  2.756367894238745E-002  0.600254929287660     
 Constraint value, mean lift and its standard deviation:  4.340166696501641E-004
  0.655548078522917       1.866069839752227E-002
 Calc obj  1.236769515446910E-003  1.231605539355788E-003
  9.974081271679281E-003  9.971484273282647E-003  9.969273151547988E-003
  9.967433155909478E-003  9.966756199261340E-003  9.980402496365868E-003
  9.983173051890922E-003  9.908016059160875E-003  7.846221149661112E-003
  9.989126501666083E-003  1.233590242628781E-003  1.236848765419058E-003
  2.756367894238745E-002  0.600254929287660     
 Design variables:  1.236769515446910E-003  1.231605539355788E-003
  9.974081271679281E-003  9.971484273282647E-003  9.969273151547988E-003
  9.967433155909478E-003  9.966756199261340E-003  9.980402496365868E-003
  9.983173051890922E-003  9.908016059160875E-003  7.846221149661112E-003
  9.989126501666083E-003  1.233590242628781E-003  1.236848765419058E-003
  2.756367894238745E-002  0.600254929287660     
 Mean drag value and variance:  4.467934715174117E-003  3.026340324531923E-008
 Calc con  1.236760062465840E-003  1.231605510711822E-003
  9.974197211406185E-003  9.971677824062995E-003  9.969510971783944E-003
  9.967670334266964E-003  9.966995155425406E-003  9.984315273828504E-003
  9.986449138837684E-003  9.906058169222789E-003  7.692379116259857E-003
  9.989571662606290E-003  1.233584820175365E-003  1.236850721985228E-003
  2.765931881835536E-002  0.600225192604764     
 Design variables:  1.236760062465840E-003  1.231605510711822E-003
  9.974197211406185E-003  9.971677824062995E-003  9.969510971783944E-003
  9.967670334266964E-003  9.966995155425406E-003  9.984315273828504E-003
  9.986449138837684E-003  9.906058169222789E-003  7.692379116259857E-003
  9.989571662606290E-003  1.233584820175365E-003  1.236850721985228E-003
  2.765931881835536E-002  0.600225192604764     
 Constraint value, mean lift and its standard deviation:  6.790146185978174E-004
  0.655580561583359       1.875319206731898E-002
 Calc obj  1.236760062465840E-003  1.231605510711822E-003
  9.974197211406185E-003  9.971677824062995E-003  9.969510971783944E-003
  9.967670334266964E-003  9.966995155425406E-003  9.984315273828504E-003
  9.986449138837684E-003  9.906058169222789E-003  7.692379116259857E-003
  9.989571662606290E-003  1.233584820175365E-003  1.236850721985228E-003
  2.765931881835536E-002  0.600225192604764     
 Design variables:  1.236760062465840E-003  1.231605510711822E-003
  9.974197211406185E-003  9.971677824062995E-003  9.969510971783944E-003
  9.967670334266964E-003  9.966995155425406E-003  9.984315273828504E-003
  9.986449138837684E-003  9.906058169222789E-003  7.692379116259857E-003
  9.989571662606290E-003  1.233584820175365E-003  1.236850721985228E-003
  2.765931881835536E-002  0.600225192604764     
 Mean drag value and variance:  4.467419095265057E-003  3.065825525124888E-008
 Calc con  1.236755335975304E-003  1.231605496389838E-003
  9.974255181269638E-003  9.971774599453170E-003  9.969629881901924E-003
  9.967788923445709E-003  9.967114633507440E-003  9.986271662559823E-003
  9.988087182311067E-003  9.905079224253746E-003  7.615458099559229E-003
  9.989794243076392E-003  1.233582108948657E-003  1.236851700268313E-003
  2.770713875633932E-002  0.600210324263316     
 Design variables:  1.236755335975304E-003  1.231605496389838E-003
  9.974255181269638E-003  9.971774599453170E-003  9.969629881901924E-003
  9.967788923445709E-003  9.967114633507440E-003  9.986271662559823E-003
  9.988087182311067E-003  9.905079224253746E-003  7.615458099559229E-003
  9.989794243076392E-003  1.233582108948657E-003  1.236851700268313E-003
  2.770713875633932E-002  0.600210324263316     
 Constraint value, mean lift and its standard deviation:  3.106308491817242E-004
  0.655625749443366       1.864546009751578E-002
 Calc obj  1.236755335975304E-003  1.231605496389838E-003
  9.974255181269638E-003  9.971774599453170E-003  9.969629881901924E-003
  9.967788923445709E-003  9.967114633507440E-003  9.986271662559823E-003
  9.988087182311067E-003  9.905079224253746E-003  7.615458099559229E-003
  9.989794243076392E-003  1.233582108948657E-003  1.236851700268313E-003
  2.770713875633932E-002  0.600210324263316     
 Design variables:  1.236755335975304E-003  1.231605496389838E-003
  9.974255181269638E-003  9.971774599453170E-003  9.969629881901924E-003
  9.967788923445709E-003  9.967114633507440E-003  9.986271662559823E-003
  9.988087182311067E-003  9.905079224253746E-003  7.615458099559229E-003
  9.989794243076392E-003  1.233582108948657E-003  1.236851700268313E-003
  2.770713875633932E-002  0.600210324263316     
 Mean drag value and variance:  4.464712515967553E-003  3.067709434051709E-008
   12  0.4464743E-02  0.9791983E-02  0.3969631E-03  0.2681282E-01  0.1554847E-06
 Calc con  1.238440305893590E-003  1.233618115919964E-003
  9.975425212691945E-003  9.972130579250314E-003  9.969507158272942E-003
  9.967667439953641E-003  9.966716152671532E-003  9.959120773904519E-003
  9.967569275279118E-003  9.953353603636368E-003  1.000000962923873E-002
  9.985076627117574E-003  1.235405611508456E-003  1.238350096260168E-003
  2.617375391919344E-002  0.600591720648401     
 Design variables:  1.238440305893590E-003  1.233618115919964E-003
  9.975425212691945E-003  9.972130579250314E-003  9.969507158272942E-003
  9.967667439953641E-003  9.966716152671532E-003  9.959120773904519E-003
  9.967569275279118E-003  9.953353603636368E-003  1.000000962923873E-002
  9.985076627117574E-003  1.235405611508456E-003  1.238350096260168E-003
  2.617375391919344E-002  0.600591720648401     
 Constraint value, mean lift and its standard deviation:  1.049279758890506E-003
  0.654946259496993       1.866517975196133E-002
 Calc obj  1.238440305893590E-003  1.233618115919964E-003
  9.975425212691945E-003  9.972130579250314E-003  9.969507158272942E-003
  9.967667439953641E-003  9.966716152671532E-003  9.959120773904519E-003
  9.967569275279118E-003  9.953353603636368E-003  1.000000962923873E-002
  9.985076627117574E-003  1.235405611508456E-003  1.238350096260168E-003
  2.617375391919344E-002  0.600591720648401     
 Design variables:  1.238440305893590E-003  1.233618115919964E-003
  9.975425212691945E-003  9.972130579250314E-003  9.969507158272942E-003
  9.967667439953641E-003  9.966716152671532E-003  9.959120773904519E-003
  9.967569275279118E-003  9.953353603636368E-003  1.000000962923873E-002
  9.985076627117574E-003  1.235405611508456E-003  1.238350096260168E-003
  2.617375391919344E-002  0.600591720648401     
 Mean drag value and variance:  4.498875806632395E-003  3.001549006824777E-008
 Calc con  1.238633446366617E-003  1.233875552828040E-003
  9.975844113167147E-003  9.972616978500232E-003  9.970020846430712E-003
  9.968161079295285E-003  9.967147284565058E-003  9.960562906309750E-003
  9.968401794041463E-003  9.953752403673650E-003  1.000000962923873E-002
  9.985258907596717E-003  1.235613911905408E-003  1.238545823529269E-003
  2.619860184481895E-002  0.600598530129550     
 Design variables:  1.238633446366617E-003  1.233875552828040E-003
  9.975844113167147E-003  9.972616978500232E-003  9.970020846430712E-003
  9.968161079295285E-003  9.967147284565058E-003  9.960562906309750E-003
  9.968401794041463E-003  9.953752403673650E-003  1.000000962923873E-002
  9.985258907596717E-003  1.235613911905408E-003  1.238545823529269E-003
  2.619860184481895E-002  0.600598530129550     
 Constraint value, mean lift and its standard deviation:  8.257758333902188E-004
  0.655255774872596       1.869385023532864E-002
 Calc obj  1.238633446366617E-003  1.233875552828040E-003
  9.975844113167147E-003  9.972616978500232E-003  9.970020846430712E-003
  9.968161079295285E-003  9.967147284565058E-003  9.960562906309750E-003
  9.968401794041463E-003  9.953752403673650E-003  1.000000962923873E-002
  9.985258907596717E-003  1.235613911905408E-003  1.238545823529269E-003
  2.619860184481895E-002  0.600598530129550     
 Design variables:  1.238633446366617E-003  1.233875552828040E-003
  9.975844113167147E-003  9.972616978500232E-003  9.970020846430712E-003
  9.968161079295285E-003  9.967147284565058E-003  9.960562906309750E-003
  9.968401794041463E-003  9.953752403673650E-003  1.000000962923873E-002
  9.985258907596717E-003  1.235613911905408E-003  1.238545823529269E-003
  2.619860184481895E-002  0.600598530129550     
 Mean drag value and variance:  4.503100169925298E-003  3.292685761003953E-008
 Calc con  1.238638894113643E-003  1.233882814129249E-003
  9.975855928732172E-003  9.972630697945078E-003  9.970035335590285E-003
  9.968175002955165E-003  9.967159445131168E-003  9.960603583296809E-003
  9.968425276181381E-003  9.953763652282928E-003  1.000000962923873E-002
  9.985264049025245E-003  1.235619787255355E-003  1.238551344239825E-003
  2.619930270886263E-002  0.600598722198722     
 Design variables:  1.238638894113643E-003  1.233882814129249E-003
  9.975855928732172E-003  9.972630697945078E-003  9.970035335590285E-003
  9.968175002955165E-003  9.967159445131168E-003  9.960603583296809E-003
  9.968425276181381E-003  9.953763652282928E-003  1.000000962923873E-002
  9.985264049025245E-003  1.235619787255355E-003  1.238551344239825E-003
  2.619930270886263E-002  0.600598722198722     
 Constraint value, mean lift and its standard deviation:  1.272266202418909E-003
  0.655206373756773       1.882621331973081E-002
 Calc obj  1.238638894113643E-003  1.233882814129249E-003
  9.975855928732172E-003  9.972630697945078E-003  9.970035335590285E-003
  9.968175002955165E-003  9.967159445131168E-003  9.960603583296809E-003
  9.968425276181381E-003  9.953763652282928E-003  1.000000962923873E-002
  9.985264049025245E-003  1.235619787255355E-003  1.238551344239825E-003
  2.619930270886263E-002  0.600598722198722     
 Design variables:  1.238638894113643E-003  1.233882814129249E-003
  9.975855928732172E-003  9.972630697945078E-003  9.970035335590285E-003
  9.968175002955165E-003  9.967159445131168E-003  9.960603583296809E-003
  9.968425276181381E-003  9.953763652282928E-003  1.000000962923873E-002
  9.985264049025245E-003  1.235619787255355E-003  1.238551344239825E-003
  2.619930270886263E-002  0.600598722198722     
 Mean drag value and variance:  4.502173157099638E-003  2.950876864865945E-008
 Calc con  1.237597820934447E-003  1.232611806154901E-003
  9.974840196980791E-003  9.971952589351742E-003  9.969568520087433E-003
  9.967728181699675E-003  9.966915393089486E-003  9.972696218232172E-003
  9.977828228795092E-003  9.929216413945058E-003  8.807733864398979E-003
  9.987435435096984E-003  1.234493860228556E-003  1.237600898264240E-003
  2.694044633776638E-002  0.600401022455858     
 Design variables:  1.237597820934447E-003  1.232611806154901E-003
  9.974840196980791E-003  9.971952589351742E-003  9.969568520087433E-003
  9.967728181699675E-003  9.966915393089486E-003  9.972696218232172E-003
  9.977828228795092E-003  9.929216413945058E-003  8.807733864398979E-003
  9.987435435096984E-003  1.234493860228556E-003  1.237600898264240E-003
  2.694044633776638E-002  0.600401022455858     
 Constraint value, mean lift and its standard deviation:  1.091943484677595E-003
  0.655217572843356       1.876983877601118E-002
 Calc obj  1.237597820934447E-003  1.232611806154901E-003
  9.974840196980791E-003  9.971952589351742E-003  9.969568520087433E-003
  9.967728181699675E-003  9.966915393089486E-003  9.972696218232172E-003
  9.977828228795092E-003  9.929216413945058E-003  8.807733864398979E-003
  9.987435435096984E-003  1.234493860228556E-003  1.237600898264240E-003
  2.694044633776638E-002  0.600401022455858     
 Design variables:  1.237597820934447E-003  1.232611806154901E-003
  9.974840196980791E-003  9.971952589351742E-003  9.969568520087433E-003
  9.967728181699675E-003  9.966915393089486E-003  9.972696218232172E-003
  9.977828228795092E-003  9.929216413945058E-003  8.807733864398979E-003
  9.987435435096984E-003  1.234493860228556E-003  1.237600898264240E-003
  2.694044633776638E-002  0.600401022455858     
 Mean drag value and variance:  4.481032395492477E-003  3.077680971140585E-008
 Calc con  1.237176578454876E-003  1.232108651272370E-003
  9.974547689125214E-003  9.971863594402455E-003  9.969599200994678E-003
  9.967758552572691E-003  9.967015013298464E-003  9.979483940395996E-003
  9.982957705553080E-003  9.917147819099402E-003  8.211595981979104E-003
  9.988614839086687E-003  1.234037984588607E-003  1.237226299266277E-003
  2.732379254705285E-002  0.600305673359587     
 Design variables:  1.237176578454876E-003  1.232108651272370E-003
  9.974547689125214E-003  9.971863594402455E-003  9.969599200994678E-003
  9.967758552572691E-003  9.967015013298464E-003  9.979483940395996E-003
  9.982957705553080E-003  9.917147819099402E-003  8.211595981979104E-003
  9.988614839086687E-003  1.234037984588607E-003  1.237226299266277E-003
  2.732379254705285E-002  0.600305673359587     
 Constraint value, mean lift and its standard deviation:  4.983551237174241E-004
  0.655404916485842       1.863442386985329E-002
 Calc obj  1.237176578454876E-003  1.232108651272370E-003
  9.974547689125214E-003  9.971863594402455E-003  9.969599200994678E-003
  9.967758552572691E-003  9.967015013298464E-003  9.979483940395996E-003
  9.982957705553080E-003  9.917147819099402E-003  8.211595981979104E-003
  9.988614839086687E-003  1.234037984588607E-003  1.237226299266277E-003
  2.732379254705285E-002  0.600305673359587     
 Design variables:  1.237176578454876E-003  1.232108651272370E-003
  9.974547689125214E-003  9.971863594402455E-003  9.969599200994678E-003
  9.967758552572691E-003  9.967015013298464E-003  9.979483940395996E-003
  9.982957705553080E-003  9.917147819099402E-003  8.211595981979104E-003
  9.988614839086687E-003  1.234037984588607E-003  1.237226299266277E-003
  2.732379254705285E-002  0.600305673359587     
 Mean drag value and variance:  4.474112311842107E-003  3.055031247897462E-008
 Calc con  1.236965957215090E-003  1.231857073831104E-003
  9.974401435197426E-003  9.971819096927813E-003  9.969614541448301E-003
  9.967773738009200E-003  9.967064823402951E-003  9.982877801477909E-003
  9.985522443932074E-003  9.911113521676574E-003  7.913527040769168E-003
  9.989204541081540E-003  1.233810046768632E-003  1.237038999767295E-003
  2.751546565169609E-002  0.600257998811452     
 Design variables:  1.236965957215090E-003  1.231857073831104E-003
  9.974401435197426E-003  9.971819096927813E-003  9.969614541448301E-003
  9.967773738009200E-003  9.967064823402951E-003  9.982877801477909E-003
  9.985522443932074E-003  9.911113521676574E-003  7.913527040769168E-003
  9.989204541081540E-003  1.233810046768632E-003  1.237038999767295E-003
  2.751546565169609E-002  0.600257998811452     
 Constraint value, mean lift and its standard deviation:  9.832738816370132E-004
  0.655583068082263       1.885544732129985E-002
 Calc obj  1.236965957215090E-003  1.231857073831104E-003
  9.974401435197426E-003  9.971819096927813E-003  9.969614541448301E-003
  9.967773738009200E-003  9.967064823402951E-003  9.982877801477909E-003
  9.985522443932074E-003  9.911113521676574E-003  7.913527040769168E-003
  9.989204541081540E-003  1.233810046768632E-003  1.237038999767295E-003
  2.751546565169609E-002  0.600257998811452     
 Design variables:  1.236965957215090E-003  1.231857073831104E-003
  9.974401435197426E-003  9.971819096927813E-003  9.969614541448301E-003
  9.967773738009200E-003  9.967064823402951E-003  9.982877801477909E-003
  9.985522443932074E-003  9.911113521676574E-003  7.913527040769168E-003
  9.989204541081540E-003  1.233810046768632E-003  1.237038999767295E-003
  2.751546565169609E-002  0.600257998811452     
 Mean drag value and variance:  4.471168872634799E-003  3.072405775881267E-008
 Calc con  1.236860646595197E-003  1.231731285110471E-003
  9.974328308233532E-003  9.971796848190492E-003  9.969622211675112E-003
  9.967781330727454E-003  9.967089728455196E-003  9.984574732018867E-003
  9.986804813121570E-003  9.908096372965160E-003  7.764492570164198E-003
  9.989499392078965E-003  1.233696077858644E-003  1.236945350017804E-003
  2.761130220401771E-002  0.600234161537384     
 Design variables:  1.236860646595197E-003  1.231731285110471E-003
  9.974328308233532E-003  9.971796848190492E-003  9.969622211675112E-003
  9.967781330727454E-003  9.967089728455196E-003  9.984574732018867E-003
  9.986804813121570E-003  9.908096372965160E-003  7.764492570164198E-003
  9.989499392078965E-003  1.233696077858644E-003  1.236945350017804E-003
  2.761130220401771E-002  0.600234161537384     
 Constraint value, mean lift and its standard deviation:  4.225360462122019E-004
  0.655508999446122       1.864384516411147E-002
 Calc obj  1.236860646595197E-003  1.231731285110471E-003
  9.974328308233532E-003  9.971796848190492E-003  9.969622211675112E-003
  9.967781330727454E-003  9.967089728455196E-003  9.984574732018867E-003
  9.986804813121570E-003  9.908096372965160E-003  7.764492570164198E-003
  9.989499392078965E-003  1.233696077858644E-003  1.236945350017804E-003
  2.761130220401771E-002  0.600234161537384     
 Design variables:  1.236860646595197E-003  1.231731285110471E-003
  9.974328308233532E-003  9.971796848190492E-003  9.969622211675112E-003
  9.967781330727454E-003  9.967089728455196E-003  9.984574732018867E-003
  9.986804813121570E-003  9.908096372965160E-003  7.764492570164198E-003
  9.989499392078965E-003  1.233696077858644E-003  1.236945350017804E-003
  2.761130220401771E-002  0.600234161537384     
 Mean drag value and variance:  4.469487707910369E-003  3.095743706323003E-008
 Calc con  1.236807991285251E-003  1.231668390750154E-003
  9.974291744751585E-003  9.971785723821831E-003  9.969626046788518E-003
  9.967785127086582E-003  9.967102180981319E-003  9.985423197289345E-003
  9.987445997716319E-003  9.906587798609453E-003  7.689975334861714E-003
  9.989646817577679E-003  1.233639093403651E-003  1.236898525143058E-003
  2.765922048017851E-002  0.600222242900350     
 Design variables:  1.236807991285251E-003  1.231668390750154E-003
  9.974291744751585E-003  9.971785723821831E-003  9.969626046788518E-003
  9.967785127086582E-003  9.967102180981319E-003  9.985423197289345E-003
  9.987445997716319E-003  9.906587798609453E-003  7.689975334861714E-003
  9.989646817577679E-003  1.233639093403651E-003  1.236898525143058E-003
  2.765922048017851E-002  0.600222242900350     
 Constraint value, mean lift and its standard deviation:  5.218297892298565E-004
  0.655572186801274       1.869800553016798E-002
 Calc obj  1.236807991285251E-003  1.231668390750154E-003
  9.974291744751585E-003  9.971785723821831E-003  9.969626046788518E-003
  9.967785127086582E-003  9.967102180981319E-003  9.985423197289345E-003
  9.987445997716319E-003  9.906587798609453E-003  7.689975334861714E-003
  9.989646817577679E-003  1.233639093403651E-003  1.236898525143058E-003
  2.765922048017851E-002  0.600222242900350     
 Design variables:  1.236807991285251E-003  1.231668390750154E-003
  9.974291744751585E-003  9.971785723821831E-003  9.969626046788518E-003
  9.967785127086582E-003  9.967102180981319E-003  9.985423197289345E-003
  9.987445997716319E-003  9.906587798609453E-003  7.689975334861714E-003
  9.989646817577679E-003  1.233639093403651E-003  1.236898525143058E-003
  2.765922048017851E-002  0.600222242900350     
 Mean drag value and variance:  4.468485859833163E-003  3.079137739530111E-008
 Calc con  1.236781663630277E-003  1.231636943569996E-003
  9.974273463010611E-003  9.971780161637502E-003  9.969627964345220E-003
  9.967787025266146E-003  9.967108407244379E-003  9.985847429924583E-003
  9.987766590013693E-003  9.905833511431600E-003  7.652716717210471E-003
  9.989720530327036E-003  1.233610601176154E-003  1.236875112705685E-003
  2.768317961825892E-002  0.600216283581833     
 Design variables:  1.236781663630277E-003  1.231636943569996E-003
  9.974273463010611E-003  9.971780161637502E-003  9.969627964345220E-003
  9.967787025266146E-003  9.967108407244379E-003  9.985847429924583E-003
  9.987766590013693E-003  9.905833511431600E-003  7.652716717210471E-003
  9.989720530327036E-003  1.233610601176154E-003  1.236875112705685E-003
  2.768317961825892E-002  0.600216283581833     
 Constraint value, mean lift and its standard deviation:  2.309087592630016E-005
  0.655591152525766       1.853808113389761E-002
 Calc obj  1.236781663630277E-003  1.231636943569996E-003
  9.974273463010611E-003  9.971780161637502E-003  9.969627964345220E-003
  9.967787025266146E-003  9.967108407244379E-003  9.985847429924583E-003
  9.987766590013693E-003  9.905833511431600E-003  7.652716717210471E-003
  9.989720530327036E-003  1.233610601176154E-003  1.236875112705685E-003
  2.768317961825892E-002  0.600216283581833     
 Design variables:  1.236781663630277E-003  1.231636943569996E-003
  9.974273463010611E-003  9.971780161637502E-003  9.969627964345220E-003
  9.967787025266146E-003  9.967108407244379E-003  9.985847429924583E-003
  9.987766590013693E-003  9.905833511431600E-003  7.652716717210471E-003
  9.989720530327036E-003  1.233610601176154E-003  1.236875112705685E-003
  2.768317961825892E-002  0.600216283581833     
 Mean drag value and variance:  4.465822123507305E-003  3.088111661980587E-008
   13  0.4465853E-02  0.7924309E-02  0.1091035E-03  0.2008528E-01  0.1554847E-06
 Calc con  1.211910344404862E-003  1.194685343291622E-003
  9.909662449696491E-003  9.894143827884718E-003  9.882006868590429E-003
  9.873915245416047E-003  9.867476489262485E-003  9.805472210629383E-003
  9.872183869344639E-003  9.936790537608181E-003  9.976537067172105E-003
  9.930345061842450E-003  1.200635225776403E-003  1.210976991561918E-003
  2.664802376575231E-002  0.600268422818674     
 Design variables:  1.211910344404862E-003  1.194685343291622E-003
  9.909662449696491E-003  9.894143827884718E-003  9.882006868590429E-003
  9.873915245416047E-003  9.867476489262485E-003  9.805472210629383E-003
  9.872183869344639E-003  9.936790537608181E-003  9.976537067172105E-003
  9.930345061842450E-003  1.200635225776403E-003  1.210976991561918E-003
  2.664802376575231E-002  0.600268422818674     
 Constraint value, mean lift and its standard deviation:  1.164547298301927E-003
  0.655045391225299       1.873664617453362E-002
 Calc obj  1.211910344404862E-003  1.194685343291622E-003
  9.909662449696491E-003  9.894143827884718E-003  9.882006868590429E-003
  9.873915245416047E-003  9.867476489262485E-003  9.805472210629383E-003
  9.872183869344639E-003  9.936790537608181E-003  9.976537067172105E-003
  9.930345061842450E-003  1.200635225776403E-003  1.210976991561918E-003
  2.664802376575231E-002  0.600268422818674     
 Design variables:  1.211910344404862E-003  1.194685343291622E-003
  9.909662449696491E-003  9.894143827884718E-003  9.882006868590429E-003
  9.873915245416047E-003  9.867476489262485E-003  9.805472210629383E-003
  9.872183869344639E-003  9.936790537608181E-003  9.976537067172105E-003
  9.930345061842450E-003  1.200635225776403E-003  1.210976991561918E-003
  2.664802376575231E-002  0.600268422818674     
 Mean drag value and variance:  4.491345133998703E-003  3.029753836146339E-008
 Calc con  1.212073299317067E-003  1.194919048908338E-003
  9.910047207837678E-003  9.894594984494317E-003  9.882506008067258E-003
  9.874440682041992E-003  9.868017260946571E-003  9.806358321748632E-003
  9.872750620145553E-003  9.937141183671779E-003  9.976537067172105E-003
  9.930638795752750E-003  1.200841367144549E-003  1.211143879764845E-003
  2.671642124105234E-002  0.600269570577774     
 Design variables:  1.212073299317067E-003  1.194919048908338E-003
  9.910047207837678E-003  9.894594984494317E-003  9.882506008067258E-003
  9.874440682041992E-003  9.868017260946571E-003  9.806358321748632E-003
  9.872750620145553E-003  9.937141183671779E-003  9.976537067172105E-003
  9.930638795752750E-003  1.200841367144549E-003  1.211143879764845E-003
  2.671642124105234E-002  0.600269570577774     
 Constraint value, mean lift and its standard deviation:  2.770824814703685E-004
  0.655628453097190       1.863517852622005E-002
 Calc obj  1.212073299317067E-003  1.194919048908338E-003
  9.910047207837678E-003  9.894594984494317E-003  9.882506008067258E-003
  9.874440682041992E-003  9.868017260946571E-003  9.806358321748632E-003
  9.872750620145553E-003  9.937141183671779E-003  9.976537067172105E-003
  9.930638795752750E-003  1.200841367144549E-003  1.211143879764845E-003
  2.671642124105234E-002  0.600269570577774     
 Design variables:  1.212073299317067E-003  1.194919048908338E-003
  9.910047207837678E-003  9.894594984494317E-003  9.882506008067258E-003
  9.874440682041992E-003  9.868017260946571E-003  9.806358321748632E-003
  9.872750620145553E-003  9.937141183671779E-003  9.976537067172105E-003
  9.930638795752750E-003  1.200841367144549E-003  1.211143879764845E-003
  2.671642124105234E-002  0.600269570577774     
 Mean drag value and variance:  4.497958965694614E-003  3.060675338461776E-008
 Calc con  1.212037071747094E-003  1.194867092287528E-003
  9.909961669744387E-003  9.894494684924197E-003  9.882395041112791E-003
  9.874323868796690E-003  9.867897038464416E-003  9.806161324602967E-003
  9.872624622076396E-003  9.937063229257071E-003  9.976537067172105E-003
  9.930573493850249E-003  1.200795538511722E-003  1.211106777759343E-003
  2.670121535195776E-002  0.600269315411958     
 Design variables:  1.212037071747094E-003  1.194867092287528E-003
  9.909961669744387E-003  9.894494684924197E-003  9.882395041112791E-003
  9.874323868796690E-003  9.867897038464416E-003  9.806161324602967E-003
  9.872624622076396E-003  9.937063229257071E-003  9.976537067172105E-003
  9.930573493850249E-003  1.200795538511722E-003  1.211106777759343E-003
  2.670121535195776E-002  0.600269315411958     
 Constraint value, mean lift and its standard deviation:  7.200453212508201E-004
  0.655511011622663       1.874368564797121E-002
 Calc obj  1.212037071747094E-003  1.194867092287528E-003
  9.909961669744387E-003  9.894494684924197E-003  9.882395041112791E-003
  9.874323868796690E-003  9.867897038464416E-003  9.806161324602967E-003
  9.872624622076396E-003  9.937063229257071E-003  9.976537067172105E-003
  9.930573493850249E-003  1.200795538511722E-003  1.211106777759343E-003
  2.670121535195776E-002  0.600269315411958     
 Design variables:  1.212037071747094E-003  1.194867092287528E-003
  9.909961669744387E-003  9.894494684924197E-003  9.882395041112791E-003
  9.874323868796690E-003  9.867897038464416E-003  9.806161324602967E-003
  9.872624622076396E-003  9.937063229257071E-003  9.976537067172105E-003
  9.930573493850249E-003  1.200795538511722E-003  1.211106777759343E-003
  2.670121535195776E-002  0.600269315411958     
 Mean drag value and variance:  4.498435514783180E-003  3.155727020600778E-008
 Calc con  1.224346004017570E-003  1.213161143430809E-003
  9.941967956353551E-003  9.932961994761109E-003  9.925817416467825E-003
  9.920851135341096E-003  9.917292448253432E-003  9.895659820276983E-003
  9.929975229679165E-003  9.921312024519889E-003  8.814626892191289E-003
  9.960032796084744E-003  1.217122913476278E-003  1.223926052133802E-003
  2.716560169200561E-002  0.600242353200254     
 Design variables:  1.224346004017570E-003  1.213161143430809E-003
  9.941967956353551E-003  9.932961994761109E-003  9.925817416467825E-003
  9.920851135341096E-003  9.917292448253432E-003  9.895659820276983E-003
  9.929975229679165E-003  9.921312024519889E-003  8.814626892191289E-003
  9.960032796084744E-003  1.217122913476278E-003  1.223926052133802E-003
  2.716560169200561E-002  0.600242353200254     
 Constraint value, mean lift and its standard deviation:  8.296814436682606E-004
  0.655201969929186       1.867721712428461E-002
 Calc obj  1.224346004017570E-003  1.213161143430809E-003
  9.941967956353551E-003  9.932961994761109E-003  9.925817416467825E-003
  9.920851135341096E-003  9.917292448253432E-003  9.895659820276983E-003
  9.929975229679165E-003  9.921312024519889E-003  8.814626892191289E-003
  9.960032796084744E-003  1.217122913476278E-003  1.223926052133802E-003
  2.716560169200561E-002  0.600242353200254     
 Design variables:  1.224346004017570E-003  1.213161143430809E-003
  9.941967956353551E-003  9.932961994761109E-003  9.925817416467825E-003
  9.920851135341096E-003  9.917292448253432E-003  9.895659820276983E-003
  9.929975229679165E-003  9.921312024519889E-003  8.814626892191289E-003
  9.960032796084744E-003  1.217122913476278E-003  1.223926052133802E-003
  2.716560169200561E-002  0.600242353200254     
 Mean drag value and variance:  4.477310386380258E-003  3.003994346228292E-008
   14  0.4477340E-02  0.4728209E-02  0.9413260E-03  0.3285090E-02  0.1304967E-05
 Calc con  1.211580229275111E-003  1.194123101250546E-003
  9.910271453298187E-003  9.896109940937101E-003  9.884116024435025E-003
  9.874503487260610E-003  9.865437877572832E-003  9.887818716012263E-003
  9.907672672954700E-003  9.914659584472820E-003  1.000000834644072E-002
  9.934091200920233E-003  1.199454708360291E-003  1.210783928884346E-003
  2.669548985744088E-002  0.600215745695863     
 Design variables:  1.211580229275111E-003  1.194123101250546E-003
  9.910271453298187E-003  9.896109940937101E-003  9.884116024435025E-003
  9.874503487260610E-003  9.865437877572832E-003  9.887818716012263E-003
  9.907672672954700E-003  9.914659584472820E-003  1.000000834644072E-002
  9.934091200920233E-003  1.199454708360291E-003  1.210783928884346E-003
  2.669548985744088E-002  0.600215745695863     
 Constraint value, mean lift and its standard deviation:  1.728876407607605E-004
  0.655868702491315       1.868053004402534E-002
 Calc obj  1.211580229275111E-003  1.194123101250546E-003
  9.910271453298187E-003  9.896109940937101E-003  9.884116024435025E-003
  9.874503487260610E-003  9.865437877572832E-003  9.887818716012263E-003
  9.907672672954700E-003  9.914659584472820E-003  1.000000834644072E-002
  9.934091200920233E-003  1.199454708360291E-003  1.210783928884346E-003
  2.669548985744088E-002  0.600215745695863     
 Design variables:  1.211580229275111E-003  1.194123101250546E-003
  9.910271453298187E-003  9.896109940937101E-003  9.884116024435025E-003
  9.874503487260610E-003  9.865437877572832E-003  9.887818716012263E-003
  9.907672672954700E-003  9.914659584472820E-003  1.000000834644072E-002
  9.934091200920233E-003  1.199454708360291E-003  1.210783928884346E-003
  2.669548985744088E-002  0.600215745695863     
 Mean drag value and variance:  4.501948397005519E-003  3.036976538010357E-008
   15  0.4501979E-02  0.1220111E-02  0.3488204E-03  0.4718136E-02  0.1394958E-05
 Calc con  1.215242912945955E-003  1.199234765620399E-003
  9.918373646175102E-003  9.905349841512118E-003  9.893989752017392E-003
  9.884438846535707E-003  9.874909730647773E-003  9.908062408234285E-003
  9.919998380171746E-003  9.928767732105206E-003  9.921241627724941E-003
  9.939992742207512E-003  1.203958650062889E-003  1.214438598630372E-003
  2.672168644171069E-002  0.600242992949535     
 Design variables:  1.215242912945955E-003  1.199234765620399E-003
  9.918373646175102E-003  9.905349841512118E-003  9.893989752017392E-003
  9.884438846535707E-003  9.874909730647773E-003  9.908062408234285E-003
  9.919998380171746E-003  9.928767732105206E-003  9.921241627724941E-003
  9.939992742207512E-003  1.203958650062889E-003  1.214438598630372E-003
  2.672168644171069E-002  0.600242992949535     
 Constraint value, mean lift and its standard deviation:  1.295292765668421E-005
  0.656221792727289       1.874491521831523E-002
 Calc obj  1.215242912945955E-003  1.199234765620399E-003
  9.918373646175102E-003  9.905349841512118E-003  9.893989752017392E-003
  9.884438846535707E-003  9.874909730647773E-003  9.908062408234285E-003
  9.919998380171746E-003  9.928767732105206E-003  9.921241627724941E-003
  9.939992742207512E-003  1.203958650062889E-003  1.214438598630372E-003
  2.672168644171069E-002  0.600242992949535     
 Design variables:  1.215242912945955E-003  1.199234765620399E-003
  9.918373646175102E-003  9.905349841512118E-003  9.893989752017392E-003
  9.884438846535707E-003  9.874909730647773E-003  9.908062408234285E-003
  9.919998380171746E-003  9.928767732105206E-003  9.921241627724941E-003
  9.939992742207512E-003  1.203958650062889E-003  1.214438598630372E-003
  2.672168644171069E-002  0.600242992949535     
 Mean drag value and variance:  4.505605478522958E-003  3.100326998428627E-008
   16  0.4505636E-02  0.7876672E-04  0.1824534E-03  0.1174425E-02  0.1394958E-05
 
 The solution was found.
 
 The final value of the objective function is   4.505636481792943E-003
 
 The optimal values of X are:
 
 X  (           1 ) =   1.215242912945955E-003
 X  (           2 ) =   1.199234765620399E-003
 X  (           3 ) =   9.918373646175102E-003
 X  (           4 ) =   9.905349841512118E-003
 X  (           5 ) =   9.893989752017392E-003
 X  (           6 ) =   9.884438846535707E-003
 X  (           7 ) =   9.874909730647773E-003
 X  (           8 ) =   9.908062408234285E-003
 X  (           9 ) =   9.919998380171746E-003
 X  (          10 ) =   9.928767732105206E-003
 X  (          11 ) =   9.921241627724941E-003
 X  (          12 ) =   9.939992742207512E-003
 X  (          13 ) =   1.203958650062889E-003
 X  (          14 ) =   1.214438598630372E-003
 X  (          15 ) =    1.53103985458198     
 X  (          16 ) =   0.600242992949535     
 
 The multipliers for the equality constraints are:
 
 LAM(           1 ) =   8.207336871662569E-003
 
 Mean drag and its variance:  4.505605478522958E-003  3.100326998428627E-008
 Error setting an option
