 
 D =  0.000000000000000E+000  0.000000000000000E+000  0.000000000000000E+000
  0.000000000000000E+000  0.000000000000000E+000  0.000000000000000E+000
  0.000000000000000E+000  0.000000000000000E+000  0.000000000000000E+000
  0.000000000000000E+000  0.000000000000000E+000  0.000000000000000E+000
  0.000000000000000E+000  0.000000000000000E+000   2.00000000000000     
  0.650000000000000     
 
 Objective function f =  0.334769203159370        1.00000000000000     
 
 dfdD_i =   9.89607040662808        7.03242314904128     
   4.98447729663920        4.42701231737469        3.94730542072069     
   3.50003317599840        3.02296257789601        3.92348033650092     
   4.26816390199075        4.55675841473668        4.88911531690569     
   5.33921722076732        7.23726979484046        9.97102486841164     
   9.76376401687459       0.608585437091341     
 
 D =  0.000000000000000E+000  0.000000000000000E+000  0.000000000000000E+000
  0.000000000000000E+000  0.000000000000000E+000  0.000000000000000E+000
  0.000000000000000E+000  0.000000000000000E+000  0.000000000000000E+000
  0.000000000000000E+000  0.000000000000000E+000  0.000000000000000E+000
  0.000000000000000E+000  0.000000000000000E+000   2.00000000000000     
  0.650000000000000     
 
 Objective function f =  0.334769203159368        1.00000000000000     
 
 dfdD_i =   9.89607040662806        7.03242314904126     
   4.98447729663920        4.42701231737470        3.94730542072071     
   3.50003317599842        3.02296257789604        3.92348033650096     
   4.26816390199077        4.55675841473669        4.88911531690569     
   5.33921722076735        7.23726979484056        9.97102486841177     
   9.76376401687457       0.608585437091329     
 
 D =  0.000000000000000E+000  0.000000000000000E+000  0.000000000000000E+000
  0.000000000000000E+000  0.000000000000000E+000  0.000000000000000E+000
  0.000000000000000E+000  0.000000000000000E+000  0.000000000000000E+000
  0.000000000000000E+000  0.000000000000000E+000  0.000000000000000E+000
  0.000000000000000E+000  0.000000000000000E+000   2.00000000000000     
  0.650000000000000     
 
 Objective function f =  4.721331901278625E-004   1.00000000000000     
 
 dfdD_i =  2.110495591276428E-002  1.489559273655616E-002
  1.015327299959446E-002  8.677980018734439E-003  7.340663917394570E-003
  6.100121197690509E-003  4.859575656536115E-003  1.015061164290463E-002
  1.057656578776453E-002  1.066051413203092E-002  1.088899826243073E-002
  1.152124186904471E-002  1.534151491821388E-002  2.125374077234013E-002
  2.133685502780175E-002  1.596693424006465E-003
 
 D =  0.000000000000000E+000  0.000000000000000E+000  0.000000000000000E+000
  0.000000000000000E+000  0.000000000000000E+000  0.000000000000000E+000
  0.000000000000000E+000  0.000000000000000E+000  0.000000000000000E+000
  0.000000000000000E+000  0.000000000000000E+000  0.000000000000000E+000
  0.000000000000000E+000  0.000000000000000E+000   2.00000000000000     
  0.650000000000000     
 
 Objective function f =  4.721331901278305E-004   1.00000000000000     
 
 dfdD_i =  2.110495591276215E-002  1.489559273655380E-002
  1.015327299959156E-002  8.677980018731345E-003  7.340663917391478E-003
  6.100121197687536E-003  4.859575656533303E-003  1.015061164290246E-002
  1.057656578776262E-002  1.066051413202939E-002  1.088899826242948E-002
  1.152124186904351E-002  1.534151491821235E-002  2.125374077233868E-002
  2.133685502780427E-002  1.596693424006044E-003
 
 D =  0.000000000000000E+000  0.000000000000000E+000  0.000000000000000E+000
  0.000000000000000E+000  0.000000000000000E+000  0.000000000000000E+000
  0.000000000000000E+000  0.000000000000000E+000  0.000000000000000E+000
  0.000000000000000E+000  0.000000000000000E+000  0.000000000000000E+000
  0.000000000000000E+000  0.000000000000000E+000   2.00000000000000     
  0.650000000000000     
 
 Objective function f =  4.721331901279784E-004   1.00000000000000     
 
 dfdD_i =  2.110495591276697E-002  1.489559273655836E-002
  1.015327299959513E-002  8.677980018734988E-003  7.340663917395227E-003
  6.100121197691405E-003  4.859575656537386E-003  1.015061164290514E-002
  1.057656578776481E-002  1.066051413203107E-002  1.088899826243091E-002
  1.152124186904515E-002  1.534151491821489E-002  2.125374077234149E-002
  2.133685502779423E-002  1.596693424006708E-003
 
 D =  6.540230675331326E-004  4.648308214991203E-004  2.626241743809472E-003
  2.334212614346700E-003  2.083254546426142E-003  1.849233020486408E-003
  1.599209247115046E-003  2.056480186545598E-003  2.239462396518512E-003
  2.394025281086222E-003  2.571370285975481E-003  2.809937757451227E-003
  4.783633108624254E-004  6.589836585579410E-004   3.01485712544139     
  0.663256433568012     
 
 Objective function f =  0.645437339216561        1.00000000000000     
 
 dfdD_i =   9.88936611703902        6.92011334008792     
   4.76372278692774        4.18814370549487        3.70775353993956     
   3.27307654881010        2.81853552680996        2.85044483885325     
   4.15699071718942        5.58994286696392        6.39770946052833     
   6.43938163280586        7.26836703417622        9.74466597615941     
   9.48450563694429       0.826645154286180     
 
 D =  6.540230675331326E-004  4.648308214991203E-004  2.626241743809472E-003
  2.334212614346700E-003  2.083254546426142E-003  1.849233020486408E-003
  1.599209247115046E-003  2.056480186545598E-003  2.239462396518512E-003
  2.394025281086222E-003  2.571370285975481E-003  2.809937757451227E-003
  4.783633108624254E-004  6.589836585579410E-004   3.01485712544139     
  0.663256433568012     
 
 Objective function f =  2.875098164917743E-003   1.00000000000000     
 
 dfdD_i =  0.155638345967588       0.102938547702118     
  6.053070517245517E-002  4.738037457054080E-002  3.569851529259554E-002
  2.527152932019657E-002  1.561339053382529E-002  0.344217493864344     
  0.127763890536593      -8.178039319811763E-002 -0.143918538163109     
 -5.947170337466430E-002  0.100434735679681       0.150279531196481     
  0.253507549976629       0.116225913438810     
 
 D =  6.540230675331326E-004  4.648308214991203E-004  2.626241743809472E-003
  2.334212614346700E-003  2.083254546426142E-003  1.849233020486408E-003
  1.599209247115046E-003  2.056480186545598E-003  2.239462396518512E-003
  2.394025281086222E-003  2.571370285975481E-003  2.809937757451227E-003
  4.783633108624254E-004  6.589836585579410E-004   3.01485712544139     
  0.663256433568012     
 
 Objective function f =  2.875098164917585E-003   1.00000000000000     
 
 dfdD_i =  0.155638345967576       0.102938547702108     
  6.053070517244608E-002  4.738037457053143E-002  3.569851529258555E-002
  2.527152932018562E-002  1.561339053381326E-002  0.344217493864332     
  0.127763890536587      -8.178039319812089E-002 -0.143918538163114     
 -5.947170337467221E-002  0.100434735679668       0.150279531196468     
  0.253507549976679       0.116225913438810     
 
 D =  6.540230675331326E-004  4.648308214991203E-004  2.626241743809472E-003
  2.334212614346700E-003  2.083254546426142E-003  1.849233020486408E-003
  1.599209247115046E-003  2.056480186545598E-003  2.239462396518512E-003
  2.394025281086222E-003  2.571370285975481E-003  2.809937757451227E-003
  4.783633108624254E-004  6.589836585579410E-004   3.01485712544139     
  0.663256433568012     
 
 Objective function f =  0.645437339216564        1.00000000000000     
 
 dfdD_i =   9.88936611703911        6.92011334008799     
   4.76372278692777        4.18814370549489        3.70775353993959     
   3.27307654881012        2.81853552680998        2.85044483885347     
   4.15699071718969        5.58994286696414        6.39770946052841     
   6.43938163280583        7.26836703417617        9.74466597615944     
   9.48450563694428       0.826645154286303     
 
 D =  6.116311065636741E-004  4.351304415289947E-004  2.611560368105548E-003
  2.331818874747179E-003  2.092018657255184E-003  1.867777256151191E-003
  1.625873377557171E-003  1.570308790427825E-003  2.116974180588772E-003
  2.620955037107026E-003  2.903806820623960E-003  3.007608187379402E-003
  4.479561495788875E-004  6.163057922412704E-004   3.00519252975557     
  0.658687201487711     
 
 Objective function f =  0.640021683866097        1.00000000000000     
 
 dfdD_i =   10.0236879231049        7.00789602507511     
   4.80818867641587        4.21858545316067        3.72598976112071     
   3.28104697184456        2.81792287007929        3.70150676398827     
   4.84775588265975        5.81759788186511        6.20005812800061     
   6.16967504943618        7.40533883594530        10.0165193289631     
   9.81305389460425        1.08981284716353     
 
 D =  6.116311065636741E-004  4.351304415289947E-004  2.611560368105548E-003
  2.331818874747179E-003  2.092018657255184E-003  1.867777256151191E-003
  1.625873377557171E-003  1.570308790427825E-003  2.116974180588772E-003
  2.620955037107026E-003  2.903806820623960E-003  3.007608187379402E-003
  4.479561495788875E-004  6.163057922412704E-004   3.00519252975557     
  0.658687201487711     
 
 Objective function f =  2.153841646682804E-003   1.00000000000000     
 
 dfdD_i =  0.116113106758973       7.725333803593458E-002
  4.617868630871431E-002  3.658998334726460E-002  2.807409887708574E-002
  2.045483809184393E-002  1.335001652556710E-002  0.234659644001935     
  7.876123252033554E-002 -6.084778609458027E-002 -9.070633344440573E-002
 -2.629426308029393E-002  7.682682253096663E-002  0.114109363249395     
  0.182834842626387       7.898457555561206E-002
 
 D =  6.116311065636741E-004  4.351304415289947E-004  2.611560368105548E-003
  2.331818874747179E-003  2.092018657255184E-003  1.867777256151191E-003
  1.625873377557171E-003  1.570308790427825E-003  2.116974180588772E-003
  2.620955037107026E-003  2.903806820623960E-003  3.007608187379402E-003
  4.479561495788875E-004  6.163057922412704E-004   3.00519252975557     
  0.658687201487711     
 
 Objective function f =  2.153841646683072E-003   1.00000000000000     
 
 dfdD_i =  0.116113106758973       7.725333803593491E-002
  4.617868630871588E-002  3.658998334726683E-002  2.807409887708858E-002
  2.045483809184741E-002  1.335001652557107E-002  0.234659644001936     
  7.876123252034031E-002 -6.084778609457291E-002 -9.070633344439934E-002
 -2.629426308029087E-002  7.682682253096652E-002  0.114109363249395     
  0.182834842626380       7.898457555561147E-002
 
 D =  6.116311065636741E-004  4.351304415289947E-004  2.611560368105548E-003
  2.331818874747179E-003  2.092018657255184E-003  1.867777256151191E-003
  1.625873377557171E-003  1.570308790427825E-003  2.116974180588772E-003
  2.620955037107026E-003  2.903806820623960E-003  3.007608187379402E-003
  4.479561495788875E-004  6.163057922412704E-004   3.00519252975557     
  0.658687201487711     
 
 Objective function f =  0.640021683866097        1.00000000000000     
 
 dfdD_i =   10.0236879231049        7.00789602507515     
   4.80818867641588        4.21858545316066        3.72598976112068     
   3.28104697184453        2.81792287007927        3.70150676398837     
   4.84775588265984        5.81759788186516        6.20005812800064     
   6.16967504943621        7.40533883594538        10.0165193289632     
   9.81305389460431        1.08981284716357     
 
 D =  5.648635032777186E-004  4.018901252228824E-004  2.602049360800901E-003
  2.344055212035663E-003  2.126970818973468E-003  1.924425579700987E-003
  1.701340855234323E-003  8.417209820223199E-004  2.933112697843264E-003
  3.743139449992895E-003  3.507650561890600E-003  3.041900295753608E-003
  4.145136647410353E-004  5.702104803652957E-004   2.97508213446822     
  0.651405092001697     
 
 Objective function f =  0.636418728804886        1.00000000000000     
 
 dfdD_i =   10.0822095658087        7.04436770563268     
   4.81767834171699        4.21797345853813        3.71629719250345     
   3.26390815888823        2.79527509089087        4.37101325838298     
   5.00590293375199        5.47962851794630        5.73069753942228     
   5.92596179681020        7.51056701833446        10.2018480288256     
   10.1082305300645        1.26121573832166     
 
 D =  5.648635032777186E-004  4.018901252228824E-004  2.602049360800901E-003
  2.344055212035663E-003  2.126970818973468E-003  1.924425579700987E-003
  1.701340855234323E-003  8.417209820223199E-004  2.933112697843264E-003
  3.743139449992895E-003  3.507650561890600E-003  3.041900295753608E-003
  4.145136647410353E-004  5.702104803652957E-004   2.97508213446822     
  0.651405092001697     
 
 Objective function f =  1.555986621358986E-003   1.00000000000000     
 
 dfdD_i =  6.396532865473546E-002  4.337704656971712E-002
  2.742501013048728E-002  2.264787679691527E-002  1.843900212287310E-002
  1.465473066169360E-002  1.103208670327094E-002  9.593823764681499E-002
  4.323517066677652E-002 -6.274708531456470E-003 -1.601212187460551E-002
  7.572142031141624E-003  4.466397106617829E-002  6.410211959468393E-002
  8.575299078345644E-002  2.976024946545786E-002
 
 D =  5.648635032777186E-004  4.018901252228824E-004  2.602049360800901E-003
  2.344055212035663E-003  2.126970818973468E-003  1.924425579700987E-003
  1.701340855234323E-003  8.417209820223199E-004  2.933112697843264E-003
  3.743139449992895E-003  3.507650561890600E-003  3.041900295753608E-003
  4.145136647410353E-004  5.702104803652957E-004   2.97508213446822     
  0.651405092001697     
 
 Objective function f =  1.555986621358987E-003   1.00000000000000     
 
 dfdD_i =  6.396532865473645E-002  4.337704656971769E-002
  2.742501013048695E-002  2.264787679691383E-002  1.843900212287072E-002
  1.465473066169056E-002  1.103208670326753E-002  9.593823764682047E-002
  4.323517066678041E-002 -6.274708531457780E-003 -1.601212187461181E-002
  7.572142031134092E-003  4.466397106617594E-002  6.410211959468358E-002
  8.575299078347293E-002  2.976024946546060E-002
 
 D =  5.648635032777186E-004  4.018901252228824E-004  2.602049360800901E-003
  2.344055212035663E-003  2.126970818973468E-003  1.924425579700987E-003
  1.701340855234323E-003  8.417209820223199E-004  2.933112697843264E-003
  3.743139449992895E-003  3.507650561890600E-003  3.041900295753608E-003
  4.145136647410353E-004  5.702104803652957E-004   2.97508213446822     
  0.651405092001697     
 
 Objective function f =  0.636418728804888        1.00000000000000     
 
 dfdD_i =   10.0822095658087        7.04436770563272     
   4.81767834171701        4.21797345853815        3.71629719250348     
   3.26390815888826        2.79527509089090        4.37101325838295     
   5.00590293375193        5.47962851794624        5.73069753942226     
   5.92596179681022        7.51056701833449        10.2018480288256     
   10.1082305300642        1.26121573832164     
 
 D =  5.225749845509150E-004  3.718464670525465E-004  2.513828345891322E-003
  2.278979986040267E-003  2.087041776605143E-003  1.908508051503995E-003
  1.706369144286211E-003  2.110131083145301E-004  2.847122993022943E-003
  3.824778413060970E-003  3.385782043626110E-003  2.605204500098595E-003
  3.824368632515551E-004  5.274405661585243E-004   2.94626558145355     
  0.648221301876772     
 
 Objective function f =  0.619099741243838        1.00000000000000     
 
 dfdD_i =   10.0149788037119        7.00152043641342     
   4.79228503800618        4.19701281206768        3.69881964474177     
   3.24940007654688        2.78367432069954        4.33448749309143     
   4.82203644353460        5.22168829907490        5.52661101469256     
   5.83148055773651        7.47513908136508        10.1631009072003     
   10.0520171967335        1.19554084969972     
 
 D =  5.225749845509150E-004  3.718464670525465E-004  2.513828345891322E-003
  2.278979986040267E-003  2.087041776605143E-003  1.908508051503995E-003
  1.706369144286211E-003  2.110131083145301E-004  2.847122993022943E-003
  3.824778413060970E-003  3.385782043626110E-003  2.605204500098595E-003
  3.824368632515551E-004  5.274405661585243E-004   2.94626558145355     
  0.648221301876772     
 
 Objective function f =  1.386771871579680E-003   1.00000000000000     
 
 dfdD_i =  4.848450833082796E-002  3.326089349951056E-002
  2.169783473101855E-002  1.828889898597676E-002  1.529028346452046E-002
  1.257632979639728E-002  9.928717969828927E-003  4.840081007122715E-002
  2.589110172138286E-002  7.589582860751560E-003  6.815772188566604E-003
  1.771409255645167E-002  3.478719209293447E-002  4.892905374078049E-002
  5.788016560507592E-002  1.472075876715165E-002
 
 D =  5.225749845509150E-004  3.718464670525465E-004  2.513828345891322E-003
  2.278979986040267E-003  2.087041776605143E-003  1.908508051503995E-003
  1.706369144286211E-003  2.110131083145301E-004  2.847122993022943E-003
  3.824778413060970E-003  3.385782043626110E-003  2.605204500098595E-003
  3.824368632515551E-004  5.274405661585243E-004   2.94626558145355     
  0.648221301876772     
 
 Objective function f =  1.386771871579630E-003   1.00000000000000     
 
 dfdD_i =  4.848450833082052E-002  3.326089349950436E-002
  2.169783473101358E-002  1.828889898597178E-002  1.529028346451513E-002
  1.257632979639120E-002  9.928717969821721E-003  4.840081007121819E-002
  2.589110172137467E-002  7.589582860744129E-003  6.815772188560332E-003
  1.771409255644664E-002  3.478719209292789E-002  4.892905374077203E-002
  5.788016560509923E-002  1.472075876715128E-002
 
 D =  5.225749845509150E-004  3.718464670525465E-004  2.513828345891322E-003
  2.278979986040267E-003  2.087041776605143E-003  1.908508051503995E-003
  1.706369144286211E-003  2.110131083145301E-004  2.847122993022943E-003
  3.824778413060970E-003  3.385782043626110E-003  2.605204500098595E-003
  3.824368632515551E-004  5.274405661585243E-004   2.94626558145355     
  0.648221301876772     
 
 Objective function f =  0.619099741243837        1.00000000000000     
 
 dfdD_i =   10.0149788037118        7.00152043641338     
   4.79228503800618        4.19701281206768        3.69881964474175     
   3.24940007654685        2.78367432069950        4.33448749309130     
   4.82203644353446        5.22168829907482        5.52661101469258     
   5.83148055773658        7.47513908136511        10.1631009072003     
   10.0520171967336        1.19554084969967     
 
 D =  4.980824435306677E-004  3.610766908731163E-004  2.428288390569448E-003
  2.241666028745363E-003  2.105390757203953E-003  1.980651279752889E-003
  1.823444514228822E-003 -1.802873659746747E-004  3.105376980887876E-003
  3.964348724497697E-003  2.959587756368121E-003  1.910336707552411E-003
  3.751991660272232E-004  5.017781224043352E-004   2.89166982194215     
  0.646024182482607     
 
 Objective function f =  0.600231685382040        1.00000000000000     
 
 dfdD_i =   10.0218346349777        7.00772304056483     
   4.79604350107373        4.19949459897948        3.70034735543598     
   3.25056600691270        2.78514925136844        4.54095875762669     
   4.89920140204260        5.12388299700430        5.34859829133863     
   5.69530574666583        7.45392889739112        10.1766075303751     
   10.0841174396556        1.21085934962250     
 
 D =  4.980824435306677E-004  3.610766908731163E-004  2.428288390569448E-003
  2.241666028745363E-003  2.105390757203953E-003  1.980651279752889E-003
  1.823444514228822E-003 -1.802873659746747E-004  3.105376980887876E-003
  3.964348724497697E-003  2.959587756368121E-003  1.910336707552411E-003
  3.751991660272232E-004  5.017781224043352E-004   2.89166982194215     
  0.646024182482607     
 
 Objective function f =  1.283052555143666E-003   1.00000000000000     
 
 dfdD_i =  4.214823744314009E-002  2.909045500001310E-002
  1.928222810548820E-002  1.641672070065120E-002  1.389784566405810E-002
  1.160800688814692E-002  9.347566710346254E-003  3.203556163650795E-002
  2.240825677192836E-002  1.443307192447870E-002  1.440106129201911E-002
  1.969965885873498E-002  3.055797238765444E-002  4.266699481374567E-002
  4.689390682762540E-002  9.421343487127153E-003
 
 D =  4.980824435306677E-004  3.610766908731163E-004  2.428288390569448E-003
  2.241666028745363E-003  2.105390757203953E-003  1.980651279752889E-003
  1.823444514228822E-003 -1.802873659746747E-004  3.105376980887876E-003
  3.964348724497697E-003  2.959587756368121E-003  1.910336707552411E-003
  3.751991660272232E-004  5.017781224043352E-004   2.89166982194215     
  0.646024182482607     
 
 Objective function f =  1.283052555143796E-003   1.00000000000000     
 
 dfdD_i =  4.214823744313436E-002  2.909045500000797E-002
  1.928222810548405E-002  1.641672070064680E-002  1.389784566405321E-002
  1.160800688814135E-002  9.347566710339770E-003  3.203556163650179E-002
  2.240825677192433E-002  1.443307192447666E-002  1.440106129201816E-002
  1.969965885873400E-002  3.055797238765089E-002  4.266699481374017E-002
  4.689390682764183E-002  9.421343487126959E-003
 
 D =  4.980824435306677E-004  3.610766908731163E-004  2.428288390569448E-003
  2.241666028745363E-003  2.105390757203953E-003  1.980651279752889E-003
  1.823444514228822E-003 -1.802873659746747E-004  3.105376980887876E-003
  3.964348724497697E-003  2.959587756368121E-003  1.910336707552411E-003
  3.751991660272232E-004  5.017781224043352E-004   2.89166982194215     
  0.646024182482607     
 
 Objective function f =  0.600231685382042        1.00000000000000     
 
 dfdD_i =   10.0218346349777        7.00772304056482     
   4.79604350107372        4.19949459897949        3.70034735543599     
   3.25056600691272        2.78514925136847        4.54095875762665     
   4.89920140204256        5.12388299700430        5.34859829133868     
   5.69530574666591        7.45392889739120        10.1766075303751     
   10.0841174396552        1.21085934962249     
 
 D =  6.707336157145121E-004  5.184187507457237E-004  2.623549755297499E-003
  2.519588578011359E-003  2.496373521768097E-003  2.485984834212085E-003
  2.419719833867913E-003 -9.856859562960734E-004  3.177364261611303E-003
  4.126814236278229E-003  2.686114408529908E-003  1.494332815892465E-003
  5.907263143234190E-004  6.647610167976770E-004   2.86636428391858     
  0.644043391048626     
 
 Objective function f =  0.600059981236485        1.00000000000000     
 
 dfdD_i =   9.94457526681760        6.95040744179046     
   4.75059557305466        4.15684514392321        3.66176935848753     
   3.21786098552860        2.76025912599968        4.47179265153240     
   4.82644663051210        5.05342035086793        5.28805736396307     
   5.64886634194916        7.43553939282925        10.1680512906294     
   9.99628948183867        1.17708996615290     
 
 D =  6.707336157145121E-004  5.184187507457237E-004  2.623549755297499E-003
  2.519588578011359E-003  2.496373521768097E-003  2.485984834212085E-003
  2.419719833867913E-003 -9.856859562960734E-004  3.177364261611303E-003
  4.126814236278229E-003  2.686114408529908E-003  1.494332815892465E-003
  5.907263143234190E-004  6.647610167976770E-004   2.86636428391858     
  0.644043391048626     
 
 Objective function f =  1.266026828369434E-003   1.00000000000000     
 
 dfdD_i =  3.903410168041628E-002  2.702696078980513E-002
  1.810767190117028E-002  1.553516982817237E-002  1.328336697149973E-002
  1.123527498173563E-002  9.198110967991592E-003  2.352738703979517E-002
  2.095500196544177E-002  1.853976661362129E-002  1.877813977509194E-002
  2.102742368134863E-002  2.873673483273376E-002  3.986544649727067E-002
  4.111518029121664E-002  6.581841274904101E-003
 
 D =  6.707336157145121E-004  5.184187507457237E-004  2.623549755297499E-003
  2.519588578011359E-003  2.496373521768097E-003  2.485984834212085E-003
  2.419719833867913E-003 -9.856859562960734E-004  3.177364261611303E-003
  4.126814236278229E-003  2.686114408529908E-003  1.494332815892465E-003
  5.907263143234190E-004  6.647610167976770E-004   2.86636428391858     
  0.644043391048626     
 
 Objective function f =  1.266026828369366E-003   1.00000000000000     
 
 dfdD_i =  3.903410168041503E-002  2.702696078980492E-002
  1.810767190117104E-002  1.553516982817282E-002  1.328336697149959E-002
  1.123527498173477E-002  9.198110967989994E-003  2.352738703979584E-002
  2.095500196544098E-002  1.853976661361856E-002  1.877813977508786E-002
  2.102742368134474E-002  2.873673483273267E-002  3.986544649727086E-002
  4.111518029121991E-002  6.581841274904108E-003
 
 D =  6.707336157145121E-004  5.184187507457237E-004  2.623549755297499E-003
  2.519588578011359E-003  2.496373521768097E-003  2.485984834212085E-003
  2.419719833867913E-003 -9.856859562960734E-004  3.177364261611303E-003
  4.126814236278229E-003  2.686114408529908E-003  1.494332815892465E-003
  5.907263143234190E-004  6.647610167976770E-004   2.86636428391858     
  0.644043391048626     
 
 Objective function f =  0.600059981236486        1.00000000000000     
 
 dfdD_i =   9.94457526681760        6.95040744179045     
   4.75059557305467        4.15684514392322        3.66176935848755     
   3.21786098552862        2.76025912599969        4.47179265153246     
   4.82644663051218        5.05342035086801        5.28805736396315     
   5.64886634194925        7.43553939282938        10.1680512906295     
   9.99628948183897        1.17708996615289     
 
 D =  1.179719857092396E-003  1.013400114401675E-003  3.174537222248535E-003
  3.245975273700708E-003  3.482030680456845E-003  3.741910858094267E-003
  3.892053780514200E-003 -2.850814748904126E-003  2.404090294443809E-003
  3.426368932001702E-003  1.661118130838205E-003  7.968123293552306E-004
  1.172319475625823E-003  1.150572755223426E-003   2.82294339661900     
  0.641812773523633     
 
 Objective function f =  0.600441677229391        1.00000000000000     
 
 dfdD_i =   9.78020521404008        6.82713215467507     
   4.65408941234800        4.06577413873547        3.57864872741741     
   3.14655809015676        2.70502373722211        4.28500215671310     
   4.60494611797996        4.84372904036563        5.12625788280700     
   5.54361359783784        7.44520896206766        10.2304057714533     
   9.83195177290591        1.10679330198369     
 
 D =  1.179719857092396E-003  1.013400114401675E-003  3.174537222248535E-003
  3.245975273700708E-003  3.482030680456845E-003  3.741910858094267E-003
  3.892053780514200E-003 -2.850814748904126E-003  2.404090294443809E-003
  3.426368932001702E-003  1.661118130838205E-003  7.968123293552306E-004
  1.172319475625823E-003  1.150572755223426E-003   2.82294339661900     
  0.641812773523633     
 
 Objective function f =  1.250935003847715E-003   1.00000000000000     
 
 dfdD_i =  3.818037825460947E-002  2.637555371475273E-002
  1.765383223892203E-002  1.515467889609501E-002  1.297077369276870E-002
  1.098559441325810E-002  9.011759105027226E-003  1.987439825257161E-002
  1.752941277584641E-002  1.720353721477739E-002  1.885956209103161E-002
  2.110893481753667E-002  2.873985438889164E-002  3.996836040082762E-002
  4.012268089571785E-002  5.849564398985629E-003
 
 D =  1.179719857092396E-003  1.013400114401675E-003  3.174537222248535E-003
  3.245975273700708E-003  3.482030680456845E-003  3.741910858094267E-003
  3.892053780514200E-003 -2.850814748904126E-003  2.404090294443809E-003
  3.426368932001702E-003  1.661118130838205E-003  7.968123293552306E-004
  1.172319475625823E-003  1.150572755223426E-003   2.82294339661900     
  0.641812773523633     
 
 Objective function f =  1.250935003847746E-003   1.00000000000000     
 
 dfdD_i =  3.818037825461337E-002  2.637555371475670E-002
  1.765383223892534E-002  1.515467889609838E-002  1.297077369277253E-002
  1.098559441326269E-002  9.011759105032808E-003  1.987439825257949E-002
  1.752941277585391E-002  1.720353721478421E-002  1.885956209103741E-002
  2.110893481754171E-002  2.873985438889723E-002  3.996836040083244E-002
  4.012268089569943E-002  5.849564398985619E-003
 
 D =  1.179719857092396E-003  1.013400114401675E-003  3.174537222248535E-003
  3.245975273700708E-003  3.482030680456845E-003  3.741910858094267E-003
  3.892053780514200E-003 -2.850814748904126E-003  2.404090294443809E-003
  3.426368932001702E-003  1.661118130838205E-003  7.968123293552306E-004
  1.172319475625823E-003  1.150572755223426E-003   2.82294339661900     
  0.641812773523633     
 
 Objective function f =  0.600441677229393        1.00000000000000     
 
 dfdD_i =   9.78020521404019        6.82713215467515     
   4.65408941234805        4.06577413873550        3.57864872741743     
   3.14655809015677        2.70502373722211        4.28500215671316     
   4.60494611798004        4.84372904036570        5.12625788280706     
   5.54361359783789        7.44520896206768        10.2304057714534     
   9.83195177290578        1.10679330198371     
 
 D = -1.241810348227496E-003 -5.861626069899877E-004  6.133769806215791E-003
  6.692395443579224E-003  7.791761480565820E-003  9.020848251143129E-003
  9.976373527302428E-003 -5.953202342292324E-003  4.251768001232460E-003
  3.716042193919458E-003  6.739590152823861E-005  7.939412306737566E-004
 -1.051173737238944E-003 -1.223181093819960E-003   2.90632530432789     
  0.638475366916408     
 
 Objective function f =  0.597737364984115        1.00000000000000     
 
 dfdD_i =   10.2530575548515        6.91246036349251     
   4.36908725995261        3.73621194608036        3.25202365945248     
   2.85710314490506        2.47909395922890        4.16039714038489     
   4.49867398737937        4.76978098790702        5.06246864196125     
   5.44315997052260        7.07711760737378        9.62093172535150     
   9.54814168309156        1.02500182295653     
 
 D = -1.241810348227496E-003 -5.861626069899877E-004  6.133769806215791E-003
  6.692395443579224E-003  7.791761480565820E-003  9.020848251143129E-003
  9.976373527302428E-003 -5.953202342292324E-003  4.251768001232460E-003
  3.716042193919458E-003  6.739590152823861E-005  7.939412306737566E-004
 -1.051173737238944E-003 -1.223181093819960E-003   2.90632530432789     
  0.638475366916408     
 
 Objective function f =  1.219358139858397E-003   1.00000000000000     
 
 dfdD_i =  3.801159335128768E-002  2.549459732907536E-002
  1.628212678715777E-002  1.389461861255945E-002  1.192749406896681E-002
  1.020848361778975E-002  8.514308007165454E-003  1.842720666694393E-002
  1.908034742404972E-002  1.931402073212337E-002  1.974563550926359E-002
  2.065777097914596E-002  2.621092729689837E-002  3.582718947647914E-002
  3.637864279008579E-002  4.645214269431161E-003
 
 D = -1.241810348227496E-003 -5.861626069899877E-004  6.133769806215791E-003
  6.692395443579224E-003  7.791761480565820E-003  9.020848251143129E-003
  9.976373527302428E-003 -5.953202342292324E-003  4.251768001232460E-003
  3.716042193919458E-003  6.739590152823861E-005  7.939412306737566E-004
 -1.051173737238944E-003 -1.223181093819960E-003   2.90632530432789     
  0.638475366916408     
 
 Objective function f =  1.219358139858224E-003   1.00000000000000     
 
 dfdD_i =  3.801159335127930E-002  2.549459732906741E-002
  1.628212678715210E-002  1.389461861255417E-002  1.192749406896093E-002
  1.020848361778252E-002  8.514308007156496E-003  1.842720666692810E-002
  1.908034742403443E-002  1.931402073210943E-002  1.974563550925146E-002
  2.065777097913528E-002  2.621092729688850E-002  3.582718947646773E-002
  3.637864279011410E-002  4.645214269430448E-003
 
 D = -1.241810348227496E-003 -5.861626069899877E-004  6.133769806215791E-003
  6.692395443579224E-003  7.791761480565820E-003  9.020848251143129E-003
  9.976373527302428E-003 -5.953202342292324E-003  4.251768001232460E-003
  3.716042193919458E-003  6.739590152823861E-005  7.939412306737566E-004
 -1.051173737238944E-003 -1.223181093819960E-003   2.90632530432789     
  0.638475366916408     
 
 Objective function f =  0.597737364984115        1.00000000000000     
 
 dfdD_i =   10.2530575548514        6.91246036349244     
   4.36908725995256        3.73621194608032        3.25202365945246     
   2.85710314490504        2.47909395922888        4.16039714038480     
   4.49867398737929        4.76978098790697        5.06246864196121     
   5.44315997052258        7.07711760737378        9.62093172535156     
   9.54814168309186        1.02500182295653     
 
 D =  3.676397192925061E-004  1.472216020801509E-004  8.597554504032212E-003
  8.742889025029749E-003  9.805068538409342E-003  9.983603356082766E-003
  6.226702665848452E-003 -9.702299142737337E-003  5.671173286288781E-003
  1.990605477893774E-003 -3.608511653444686E-003  8.173784601207220E-004
  5.402925528688639E-005  3.083407569795589E-004   2.80433705476415     
  0.631467758255179     
 
 Objective function f =  0.601060248571558        1.00000000000000     
 
 dfdD_i =   9.83315091187866        6.61884121749124     
   4.20123662248623        3.61047552614516        3.16697115670484     
   2.80847973593921        2.46074942899751        3.91042632882834     
   4.20357532140421        4.47214541688597        4.80143082038117     
   5.24999988087137        7.13272977520061        9.84397217082284     
   9.33630023650423       0.943546471099853     
 
 D =  3.676397192925061E-004  1.472216020801509E-004  8.597554504032212E-003
  8.742889025029749E-003  9.805068538409342E-003  9.983603356082766E-003
  6.226702665848452E-003 -9.702299142737337E-003  5.671173286288781E-003
  1.990605477893774E-003 -3.608511653444686E-003  8.173784601207220E-004
  5.402925528688639E-005  3.083407569795589E-004   2.80433705476415     
  0.631467758255179     
 
 Objective function f =  1.215035190137913E-003   1.00000000000000     
 
 dfdD_i =  3.740702392840350E-002  2.493368203912797E-002
  1.599487295234462E-002  1.367801006521113E-002  1.172640712779536E-002
  9.982859632831879E-003  8.258972289757454E-003  1.564615930256012E-002
  1.525196477488089E-002  1.643774061602713E-002  1.815527470509431E-002
  1.995107150602650E-002  2.713116263768380E-002  3.772460190758131E-002
  3.713912361517951E-002  4.683315147037946E-003
 
 D =  3.676397192925061E-004  1.472216020801509E-004  8.597554504032212E-003
  8.742889025029749E-003  9.805068538409342E-003  9.983603356082766E-003
  6.226702665848452E-003 -9.702299142737337E-003  5.671173286288781E-003
  1.990605477893774E-003 -3.608511653444686E-003  8.173784601207220E-004
  5.402925528688639E-005  3.083407569795589E-004   2.80433705476415     
  0.631467758255179     
 
 Objective function f =  1.215035190137771E-003   1.00000000000000     
 
 dfdD_i =  3.740702392840337E-002  2.493368203912747E-002
  1.599487295234327E-002  1.367801006520955E-002  1.172640712779361E-002
  9.982859632829919E-003  8.258972289755216E-003  1.564615930255384E-002
  1.525196477487419E-002  1.643774061602034E-002  1.815527470508800E-002
  1.995107150602100E-002  2.713116263767914E-002  3.772460190757746E-002
  3.713912361518262E-002  4.683315147037478E-003
 
 D =  3.676397192925061E-004  1.472216020801509E-004  8.597554504032212E-003
  8.742889025029749E-003  9.805068538409342E-003  9.983603356082766E-003
  6.226702665848452E-003 -9.702299142737337E-003  5.671173286288781E-003
  1.990605477893774E-003 -3.608511653444686E-003  8.173784601207220E-004
  5.402925528688639E-005  3.083407569795589E-004   2.80433705476415     
  0.631467758255179     
 
 Objective function f =  0.601060248571557        1.00000000000000     
 
 dfdD_i =   9.83315091187873        6.61884121749130     
   4.20123662248627        3.61047552614519        3.16697115670485     
   2.80847973593922        2.46074942899751        3.91042632882836     
   4.20357532140423        4.47214541688598        4.80143082038117     
   5.24999988087137        7.13272977520058        9.84397217082278     
   9.33630023650414       0.943546471099871     
 
 D =  7.445811116003002E-004  7.576205596146777E-004  9.694610145889872E-003
  9.278138115199801E-003  9.071811528235550E-003  9.443628439367961E-003
  7.772576440950246E-003 -8.923277718668595E-003  5.891421294469061E-003
 -1.273019438699051E-003 -5.855248157490119E-003  6.149690900036031E-003
  4.650954229829656E-004  6.216117193123902E-004   2.74591445868768     
  0.612114042265543     
 
 Objective function f =  0.601307753395131        1.00000000000000     
 
 dfdD_i =   9.45217875985635        6.35662151263928     
   4.06315479536220        3.50417415296776        3.08334135487801     
   2.74151011720555        2.40811498911461        3.63816925735291     
   3.95178232262075        4.26429111690903        4.64556520856691     
   5.14221292149414        7.03985885264247        9.62380972387350     
   8.99290861777303       0.826815339582560     
 
 D =  7.445811116003002E-004  7.576205596146777E-004  9.694610145889872E-003
  9.278138115199801E-003  9.071811528235550E-003  9.443628439367961E-003
  7.772576440950246E-003 -8.923277718668595E-003  5.891421294469061E-003
 -1.273019438699051E-003 -5.855248157490119E-003  6.149690900036031E-003
  4.650954229829656E-004  6.216117193123902E-004   2.74591445868768     
  0.612114042265543     
 
 Objective function f =  1.198099124072517E-003   1.00000000000000     
 
 dfdD_i =  3.470781364714431E-002  2.316273913646281E-002
  1.506119241596377E-002  1.297342437151321E-002  1.121634420745713E-002
  9.649910720736333E-003  8.095277314949238E-003  1.636337098782007E-002
  1.642971615393533E-002  1.668784139299757E-002  1.762366598789540E-002
  1.924956502138089E-002  2.599872687263619E-002  3.556286017099066E-002
  3.360833624039689E-002  3.744040938007738E-003
 
 D =  7.445811116003002E-004  7.576205596146777E-004  9.694610145889872E-003
  9.278138115199801E-003  9.071811528235550E-003  9.443628439367961E-003
  7.772576440950246E-003 -8.923277718668595E-003  5.891421294469061E-003
 -1.273019438699051E-003 -5.855248157490119E-003  6.149690900036031E-003
  4.650954229829656E-004  6.216117193123902E-004   2.74591445868768     
  0.612114042265543     
 
 Objective function f =  1.198099124072347E-003   1.00000000000000     
 
 dfdD_i =  3.470781364713776E-002  2.316273913645707E-002
  1.506119241595906E-002  1.297342437150860E-002  1.121634420745222E-002
  9.649910720730643E-003  8.095277314942284E-003  1.636337098781095E-002
  1.642971615392856E-002  1.668784139299224E-002  1.762366598789045E-002
  1.924956502137555E-002  2.599872687262926E-002  3.556286017098344E-002
  3.360833624041271E-002  3.744040938007178E-003
 
 D =  7.445811116003002E-004  7.576205596146777E-004  9.694610145889872E-003
  9.278138115199801E-003  9.071811528235550E-003  9.443628439367961E-003
  7.772576440950246E-003 -8.923277718668595E-003  5.891421294469061E-003
 -1.273019438699051E-003 -5.855248157490119E-003  6.149690900036031E-003
  4.650954229829656E-004  6.216117193123902E-004   2.74591445868768     
  0.612114042265543     
 
 Objective function f =  0.601307753395134        1.00000000000000     
 
 dfdD_i =   9.45217875985626        6.35662151263924     
   4.06315479536221        3.50417415296778        3.08334135487804     
   2.74151011720558        2.40811498911464        3.63816925735293     
   3.95178232262074        4.26429111690901        4.64556520856686     
   5.14221292149409        7.03985885264241        9.62380972387347     
   8.99290861777277       0.826815339582554     
 
 D = -8.340956836938834E-004 -1.247208716247884E-003  3.153495793234799E-003
  2.749069250373487E-003  4.945656119258277E-003  6.020312126410412E-003
  6.033410563032682E-003 -4.482537950480311E-003 -1.701786975654845E-004
  5.744418338819969E-003  8.149418808110730E-003 -6.733031741630495E-003
 -1.059669562930376E-003 -1.083180999727208E-003   3.50606083095726     
  0.600809407952876     
 
 Objective function f =  0.601627280720688        1.00000000000000     
 
 dfdD_i =   9.54227563035062        6.58819072744276     
   4.32916203051265        3.73553208570530        3.25904457985927     
   2.85099001009306        2.44670462150287        3.81931966312945     
   4.16818487371210        4.46564625992551        4.76934524305547     
   5.13159116502982        6.68359771290382        9.18043777305213     
   9.08027989551145       0.849877833216412     
 
 D = -8.340956836938834E-004 -1.247208716247884E-003  3.153495793234799E-003
  2.749069250373487E-003  4.945656119258277E-003  6.020312126410412E-003
  6.033410563032682E-003 -4.482537950480311E-003 -1.701786975654845E-004
  5.744418338819969E-003  8.149418808110730E-003 -6.733031741630495E-003
 -1.059669562930376E-003 -1.083180999727208E-003   3.50606083095726     
  0.600809407952876     
 
 Objective function f =  1.221998463073248E-003   1.00000000000000     
 
 dfdD_i =  3.486547676587919E-002  2.388354417125858E-002
  1.564568656366961E-002  1.337479701619174E-002  1.145022579805791E-002
  9.747591157859848E-003  8.096142293354605E-003  1.739178342115903E-002
  1.765345602758626E-002  1.788723909863769E-002  1.835246719295185E-002
  1.907363638219662E-002  2.416081729303721E-002  3.362632156240540E-002
  3.400872327257143E-002  3.819212814452851E-003
 
 D = -8.340956836938834E-004 -1.247208716247884E-003  3.153495793234799E-003
  2.749069250373487E-003  4.945656119258277E-003  6.020312126410412E-003
  6.033410563032682E-003 -4.482537950480311E-003 -1.701786975654845E-004
  5.744418338819969E-003  8.149418808110730E-003 -6.733031741630495E-003
 -1.059669562930376E-003 -1.083180999727208E-003   3.50606083095726     
  0.600809407952876     
 
 Objective function f =  1.221998463073496E-003   1.00000000000000     
 
 dfdD_i =  3.486547676587001E-002  2.388354417125022E-002
  1.564568656366155E-002  1.337479701618376E-002  1.145022579804983E-002
  9.747591157851447E-003  8.096142293345781E-003  1.739178342115568E-002
  1.765345602758184E-002  1.788723909863260E-002  1.835246719294671E-002
  1.907363638219163E-002  2.416081729303124E-002  3.362632156239798E-002
  3.400872327260468E-002  3.819212814453736E-003
 
 D = -8.340956836938834E-004 -1.247208716247884E-003  3.153495793234799E-003
  2.749069250373487E-003  4.945656119258277E-003  6.020312126410412E-003
  6.033410563032682E-003 -4.482537950480311E-003 -1.701786975654845E-004
  5.744418338819969E-003  8.149418808110730E-003 -6.733031741630495E-003
 -1.059669562930376E-003 -1.083180999727208E-003   3.50606083095726     
  0.600809407952876     
 
 Objective function f =  0.601627280720689        1.00000000000000     
 
 dfdD_i =   9.54227563035059        6.58819072744278     
   4.32916203051265        3.73553208570529        3.25904457985926     
   2.85099001009307        2.44670462150289        3.81931966312944     
   4.16818487371208        4.46564625992549        4.76934524305545     
   5.13159116502980        6.68359771290380        9.18043777305213     
   9.08027989551186       0.849877833216409     
 
 D = -4.626825813366249E-004 -8.294094777160455E-004  5.135583746281006E-003
  4.881082137963314E-003  6.642298806755172E-003  7.578596155499130E-003
  7.732052053246240E-003 -7.710594570104113E-003  1.379003125118112E-003
  3.912152178437277E-003  5.028740333295910E-003 -3.974951411207017E-003
 -7.134934040300739E-004 -7.058088471415081E-004   3.31387789222659     
  0.602359342866698     
 
 Objective function f =  0.600436067433566        1.00000000000000     
 
 dfdD_i =   9.51244267583711        6.50987110731251     
   4.22001808029753        3.63196759604679        3.17039655267156     
   2.78334547087565        2.40428307212644        3.72537240464751     
   4.06407110362227        4.37121902639543        4.70458458683298     
   5.10870538241416        6.74465456999598        9.25344932058025     
   8.98821605330214       0.821786417366406     
 
 D = -4.626825813366249E-004 -8.294094777160455E-004  5.135583746281006E-003
  4.881082137963314E-003  6.642298806755172E-003  7.578596155499130E-003
  7.732052053246240E-003 -7.710594570104113E-003  1.379003125118112E-003
  3.912152178437277E-003  5.028740333295910E-003 -3.974951411207017E-003
 -7.134934040300739E-004 -7.058088471415081E-004   3.31387789222659     
  0.602359342866698     
 
 Objective function f =  1.201596235520476E-003   1.00000000000000     
 
 dfdD_i =  3.533993280024260E-002  2.394546573215296E-002
  1.550703621671680E-002  1.321580765339689E-002  1.127297075387828E-002
  9.548181143651906E-003  7.870457416763591E-003  1.492044247649236E-002
  1.523441629865893E-002  1.642516837352416E-002  1.779497897468665E-002
  1.911292670883155E-002  2.486115147566007E-002  3.450992884956460E-002
  3.491729516777725E-002  4.023657190618764E-003
 
 D = -4.626825813366249E-004 -8.294094777160455E-004  5.135583746281006E-003
  4.881082137963314E-003  6.642298806755172E-003  7.578596155499130E-003
  7.732052053246240E-003 -7.710594570104113E-003  1.379003125118112E-003
  3.912152178437277E-003  5.028740333295910E-003 -3.974951411207017E-003
 -7.134934040300739E-004 -7.058088471415081E-004   3.31387789222659     
  0.602359342866698     
 
 Objective function f =  1.201596235520396E-003   1.00000000000000     
 
 dfdD_i =  3.533993280023970E-002  2.394546573215021E-002
  1.550703621671363E-002  1.321580765339310E-002  1.127297075387354E-002
  9.548181143645933E-003  7.870457416756094E-003  1.492044247648339E-002
  1.523441629865021E-002  1.642516837351563E-002  1.779497897467838E-002
  1.911292670882376E-002  2.486115147565377E-002  3.450992884955872E-002
  3.491729516778658E-002  4.023657190617685E-003
 
 D = -4.626825813366249E-004 -8.294094777160455E-004  5.135583746281006E-003
  4.881082137963314E-003  6.642298806755172E-003  7.578596155499130E-003
  7.732052053246240E-003 -7.710594570104113E-003  1.379003125118112E-003
  3.912152178437277E-003  5.028740333295910E-003 -3.974951411207017E-003
 -7.134934040300739E-004 -7.058088471415081E-004   3.31387789222659     
  0.602359342866698     
 
 Objective function f =  0.600436067433564        1.00000000000000     
 
 dfdD_i =   9.51244267583716        6.50987110731256     
   4.22001808029758        3.63196759604685        3.17039655267159     
   2.78334547087567        2.40428307212644        3.72537240464753     
   4.06407110362229        4.37121902639545        4.70458458683299     
   5.10870538241417        6.74465456999595        9.25344932058019     
   8.98821605330212       0.821786417366404     
 
 D =  4.353670720247732E-004  3.113355359800260E-004  8.234825861061834E-003
  8.168421930661543E-003  8.697320580553608E-003  9.157204553311286E-003
  9.474054879284273E-003 -9.615092852682378E-003  2.785549162457445E-003
  4.631600425897202E-004 -8.735502330611562E-004  3.124193996390871E-003
  1.748390918334729E-004  2.367420689951551E-004   2.91941292021918     
  0.600882729822769     
 
 Objective function f =  0.600494303659744        1.00000000000000     
 
 dfdD_i =   9.35198221470387        6.32417856241478     
   4.05322188679435        3.48798598112633        3.05674292083367     
   2.70434458570781        2.36290380594332        3.55368174614427     
   3.88775530962838        4.22091554628187        4.60991617213537     
   5.09136617364513        6.88443837815918        9.39359715679158     
   8.83927979251926       0.777740524874432     
 
 D =  4.353670720247732E-004  3.113355359800260E-004  8.234825861061834E-003
  8.168421930661543E-003  8.697320580553608E-003  9.157204553311286E-003
  9.474054879284273E-003 -9.615092852682378E-003  2.785549162457445E-003
  4.631600425897202E-004 -8.735502330611562E-004  3.124193996390871E-003
  1.748390918334729E-004  2.367420689951551E-004   2.91941292021918     
  0.600882729822769     
 
 Objective function f =  1.183771620211271E-003   1.00000000000000     
 
 dfdD_i =  3.424155879212090E-002  2.294728382339897E-002
  1.488323382595200E-002  1.277381172439588E-002  1.100037241823001E-002
  9.428021283827174E-003  7.882258562655257E-003  1.532615911310105E-002
  1.543813546193311E-002  1.614643678628378E-002  1.740301878761274E-002
  1.902275594291605E-002  2.524226184569719E-002  3.457003265747382E-002
  3.322851775238017E-002  3.626255211215901E-003
 
 D =  4.353670720247732E-004  3.113355359800260E-004  8.234825861061834E-003
  8.168421930661543E-003  8.697320580553608E-003  9.157204553311286E-003
  9.474054879284273E-003 -9.615092852682378E-003  2.785549162457445E-003
  4.631600425897202E-004 -8.735502330611562E-004  3.124193996390871E-003
  1.748390918334729E-004  2.367420689951551E-004   2.91941292021918     
  0.600882729822769     
 
 Objective function f =  1.183771620211243E-003   1.00000000000000     
 
 dfdD_i =  3.424155879212635E-002  2.294728382340483E-002
  1.488323382595639E-002  1.277381172439997E-002  1.100037241823433E-002
  9.428021283832242E-003  7.882258562661521E-003  1.532615911311247E-002
  1.543813546194421E-002  1.614643678629488E-002  1.740301878762390E-002
  1.902275594292699E-002  2.524226184570696E-002  3.457003265748299E-002
  3.322851775235475E-002  3.626255211216090E-003
 
 D =  4.353670720247732E-004  3.113355359800260E-004  8.234825861061834E-003
  8.168421930661543E-003  8.697320580553608E-003  9.157204553311286E-003
  9.474054879284273E-003 -9.615092852682378E-003  2.785549162457445E-003
  4.631600425897202E-004 -8.735502330611562E-004  3.124193996390871E-003
  1.748390918334729E-004  2.367420689951551E-004   2.91941292021918     
  0.600882729822769     
 
 Objective function f =  0.600494303659745        1.00000000000000     
 
 dfdD_i =   9.35198221470391        6.32417856241483     
   4.05322188679441        3.48798598112638        3.05674292083372     
   2.70434458570785        2.36290380594336        3.55368174614428     
   3.88775530962840        4.22091554628187        4.60991617213536     
   5.09136617364510        6.88443837815916        9.39359715679162     
   8.83927979251919       0.777740524874431     
 
 D =  9.011981981111337E-004  8.645561173717862E-004  9.098154026456758E-003
  9.044978607935666E-003  9.388757452133830E-003  9.615135066281573E-003
  9.731073854949791E-003 -9.979518590795119E-003  1.204115822914699E-003
  1.139250331695596E-003 -2.193624368115703E-003  4.410632835563227E-003
  7.038244341772977E-004  8.377233422707474E-004   2.76689111289056     
  0.600322617809656     
 
 Objective function f =  0.600141801089789        1.00000000000000     
 
 dfdD_i =   9.25898107424299        6.24696543540143     
   4.00439629100632        3.44948773803113        3.02895877141184     
   2.68759428781179        2.35753644655551        3.49570697755677     
   3.83276345869906        4.17425888578372        4.57914001938600     
   5.08380494595863        6.94551669498892        9.48581227729638     
   8.78441851529295       0.761756837238295     
 
 D =  9.011981981111337E-004  8.645561173717862E-004  9.098154026456758E-003
  9.044978607935666E-003  9.388757452133830E-003  9.615135066281573E-003
  9.731073854949791E-003 -9.979518590795119E-003  1.204115822914699E-003
  1.139250331695596E-003 -2.193624368115703E-003  4.410632835563227E-003
  7.038244341772977E-004  8.377233422707474E-004   2.76689111289056     
  0.600322617809656     
 
 Objective function f =  1.177114341630286E-003   1.00000000000000     
 
 dfdD_i =  3.412098001175305E-002  2.279351290689870E-002
  1.478425720534101E-002  1.269885821190959E-002  1.093945723783002E-002
  9.370624968395955E-003  7.818529128600720E-003  1.451328748250906E-002
  1.461289154439893E-002  1.559437519343987E-002  1.715612228247357E-002
  1.902199066550314E-002  2.565111423668825E-002  3.517164768319874E-002
  3.339322811770096E-002  3.678246937318181E-003
 
 D =  9.011981981111337E-004  8.645561173717862E-004  9.098154026456758E-003
  9.044978607935666E-003  9.388757452133830E-003  9.615135066281573E-003
  9.731073854949791E-003 -9.979518590795119E-003  1.204115822914699E-003
  1.139250331695596E-003 -2.193624368115703E-003  4.410632835563227E-003
  7.038244341772977E-004  8.377233422707474E-004   2.76689111289056     
  0.600322617809656     
 
 Objective function f =  1.177114341630382E-003   1.00000000000000     
 
 dfdD_i =  3.412098001175749E-002  2.279351290690196E-002
  1.478425720534461E-002  1.269885821191385E-002  1.093945723783532E-002
  9.370624968402578E-003  7.818529128608769E-003  1.451328748251565E-002
  1.461289154440565E-002  1.559437519344632E-002  1.715612228247947E-002
  1.902199066550847E-002  2.565111423669541E-002  3.517164768320800E-002
  3.339322811768303E-002  3.678246937318334E-003
 
 D =  9.011981981111337E-004  8.645561173717862E-004  9.098154026456758E-003
  9.044978607935666E-003  9.388757452133830E-003  9.615135066281573E-003
  9.731073854949791E-003 -9.979518590795119E-003  1.204115822914699E-003
  1.139250331695596E-003 -2.193624368115703E-003  4.410632835563227E-003
  7.038244341772977E-004  8.377233422707474E-004   2.76689111289056     
  0.600322617809656     
 
 Objective function f =  0.600141801089789        1.00000000000000     
 
 dfdD_i =   9.25898107424291        6.24696543540139     
   4.00439629100628        3.44948773803109        3.02895877141182     
   2.68759428781177        2.35753644655550        3.49570697755676     
   3.83276345869905        4.17425888578372        4.57914001938600     
   5.08380494595863        6.94551669498891        9.48581227729631     
   8.78441851529290       0.761756837238294     
 
 D =  1.169949689752055E-003  1.171777320957941E-003  9.901042319480363E-003
  9.889522452493386E-003  9.915159563100589E-003  9.946523249092358E-003
  9.972205330005587E-003 -9.950626351005049E-003 -1.661630579803493E-003
  3.212160709730633E-003 -4.009703676231636E-003  7.529891880058336E-003
  1.115136521558858E-003  1.125548330629352E-003   2.60771291811612     
  0.600045748135398     
 
 Objective function f =  0.600141969236068        1.00000000000000     
 
 dfdD_i =   9.20887935397336        6.19706754923072     
   3.96566343605594        3.41817189636159        3.00666746378695     
   2.67522887456085        2.35566501782285        3.44312656254645     
   3.79988368874017        4.16526148655135        4.59866627688451     
   5.13221882512484        7.01833422455468        9.51911037787055     
   8.73972847061217       0.750201949986717     
 
 D =  1.169949689752055E-003  1.171777320957941E-003  9.901042319480363E-003
  9.889522452493386E-003  9.915159563100589E-003  9.946523249092358E-003
  9.972205330005587E-003 -9.950626351005049E-003 -1.661630579803493E-003
  3.212160709730633E-003 -4.009703676231636E-003  7.529891880058336E-003
  1.115136521558858E-003  1.125548330629352E-003   2.60771291811612     
  0.600045748135398     
 
 Objective function f =  1.173416920662323E-003   1.00000000000000     
 
 dfdD_i =  3.415104634957073E-002  2.273969197488692E-002
  1.473075225207183E-002  1.265635978950911E-002  1.090225597546014E-002
  9.330866570706836E-003  7.766941874901786E-003  1.372316891798278E-002
  1.391071116752335E-002  1.524513531846180E-002  1.718648149163095E-002
  1.933816439895833E-002  2.609803286907860E-002  3.549256608438171E-002
  3.361179344913584E-002  3.751605778241728E-003
 
 D =  1.169949689752055E-003  1.171777320957941E-003  9.901042319480363E-003
  9.889522452493386E-003  9.915159563100589E-003  9.946523249092358E-003
  9.972205330005587E-003 -9.950626351005049E-003 -1.661630579803493E-003
  3.212160709730633E-003 -4.009703676231636E-003  7.529891880058336E-003
  1.115136521558858E-003  1.125548330629352E-003   2.60771291811612     
  0.600045748135398     
 
 Objective function f =  1.173416920662620E-003   1.00000000000000     
 
 dfdD_i =  3.415104634957428E-002  2.273969197488954E-002
  1.473075225207469E-002  1.265635978951248E-002  1.090225597546435E-002
  9.330866570712084E-003  7.766941874908247E-003  1.372316891799483E-002
  1.391071116753337E-002  1.524513531846949E-002  1.718648149163674E-002
  1.933816439896307E-002  2.609803286908374E-002  3.549256608438759E-002
  3.361179344913623E-002  3.751605778242732E-003
 
 D =  1.169949689752055E-003  1.171777320957941E-003  9.901042319480363E-003
  9.889522452493386E-003  9.915159563100589E-003  9.946523249092358E-003
  9.972205330005587E-003 -9.950626351005049E-003 -1.661630579803493E-003
  3.212160709730633E-003 -4.009703676231636E-003  7.529891880058336E-003
  1.115136521558858E-003  1.125548330629352E-003   2.60771291811612     
  0.600045748135398     
 
 Objective function f =  0.600141969236070        1.00000000000000     
 
 dfdD_i =   9.20887935397338        6.19706754923074     
   3.96566343605594        3.41817189636158        3.00666746378694     
   2.67522887456084        2.35566501782284        3.44312656254646     
   3.79988368874017        4.16526148655134        4.59866627688448     
   5.13221882512482        7.01833422455474        9.51911037787058     
   8.73972847061227       0.750201949986741     
 
 D =  1.237960240346498E-003  1.232058817716899E-003  9.949974537937592E-003
  9.945349525606557E-003  9.961119958738083E-003  9.975158918299596E-003
  9.982614688434732E-003 -9.971532267483822E-003 -4.052556111143162E-003
  6.587839127972461E-003 -5.968033919285600E-003  9.698009863480430E-003
  1.233063974633748E-003  1.249502690881953E-003   2.53705494403473     
  0.600025343220288     
 
 Objective function f =  0.600062316793234        1.00000000000000     
 
 dfdD_i =   9.19679586802260        6.19084302307316     
   3.96516530352245        3.41911688054954        3.00894481131794     
   2.67884567047309        2.36066588612524        3.42322066536380     
   3.79823588301974        4.18255953967580        4.63354704437046     
   5.17991758597067        7.05826557617923        9.52525091906931     
   8.73113376860118       0.748560567508166     
 
 D =  1.237960240346498E-003  1.232058817716899E-003  9.949974537937592E-003
  9.945349525606557E-003  9.961119958738083E-003  9.975158918299596E-003
  9.982614688434732E-003 -9.971532267483822E-003 -4.052556111143162E-003
  6.587839127972461E-003 -5.968033919285600E-003  9.698009863480430E-003
  1.233063974633748E-003  1.249502690881953E-003   2.53705494403473     
  0.600025343220288     
 
 Objective function f =  1.171894211640889E-003   1.00000000000000     
 
 dfdD_i =  3.410548714809788E-002  2.271341403374573E-002
  1.472673550273369E-002  1.265878697233672E-002  1.090895734717198E-002
  9.339740435410989E-003  7.775788088683933E-003  1.343993539730295E-002
  1.383617556931739E-002  1.534251344126868E-002  1.739765757868287E-002
  1.960992694215141E-002  2.624707600907495E-002  3.548909473496040E-002
  3.355723994760484E-002  3.735685994135854E-003
 
 D =  1.237960240346498E-003  1.232058817716899E-003  9.949974537937592E-003
  9.945349525606557E-003  9.961119958738083E-003  9.975158918299596E-003
  9.982614688434732E-003 -9.971532267483822E-003 -4.052556111143162E-003
  6.587839127972461E-003 -5.968033919285600E-003  9.698009863480430E-003
  1.233063974633748E-003  1.249502690881953E-003   2.53705494403473     
  0.600025343220288     
 
 Objective function f =  1.171894211640957E-003   1.00000000000000     
 
 dfdD_i =  3.410548714810586E-002  2.271341403375236E-002
  1.472673550273849E-002  1.265878697234083E-002  1.090895734717517E-002
  9.339740435413038E-003  7.775788088684682E-003  1.343993539730005E-002
  1.383617556931626E-002  1.534251344126874E-002  1.739765757868338E-002
  1.960992694215213E-002  2.624707600907796E-002  3.548909473496520E-002
  3.355723994757731E-002  3.735685994136173E-003
 
 D =  1.237960240346498E-003  1.232058817716899E-003  9.949974537937592E-003
  9.945349525606557E-003  9.961119958738083E-003  9.975158918299596E-003
  9.982614688434732E-003 -9.971532267483822E-003 -4.052556111143162E-003
  6.587839127972461E-003 -5.968033919285600E-003  9.698009863480430E-003
  1.233063974633748E-003  1.249502690881953E-003   2.53705494403473     
  0.600025343220288     
 
 Objective function f =  0.600062316793231        1.00000000000000     
 
 dfdD_i =   9.19679586802257        6.19084302307312     
   3.96516530352245        3.41911688054955        3.00894481131795     
   2.67884567047310        2.36066588612526        3.42322066536384     
   3.79823588301977        4.18255953967584        4.63354704437050     
   5.17991758597072        7.05826557617931        9.52525091906938     
   8.73113376860130       0.748560567508160     
 
 D =  1.106652257166974E-003  1.088821832431018E-003  9.629670101802061E-003
  9.604769763082551E-003  9.719832220866380E-003  9.814883027051536E-003
  9.867489411698287E-003 -9.803980024151284E-003 -5.747501713566853E-003
  9.767134710029459E-003 -4.822590792457721E-003  7.533595573281259E-003
  1.039384034655246E-003  1.082463987767647E-003   2.58454944559540     
  0.600192882921646     
 
 Objective function f =  0.600083089681714        1.00000000000000     
 
 dfdD_i =   9.21987491960789        6.21289408155929     
   3.98210468029143        3.43330399965213        3.01984760530739     
   2.68611202233903        2.36401130243642        3.44975868382246     
   3.83303688331814        4.21798626026702        4.65872249631085     
   5.18433772581383        7.01443529145218        9.48608087503150     
   8.74658383115415       0.753088699907309     
 
 D =  1.106652257166974E-003  1.088821832431018E-003  9.629670101802061E-003
  9.604769763082551E-003  9.719832220866380E-003  9.814883027051536E-003
  9.867489411698287E-003 -9.803980024151284E-003 -5.747501713566853E-003
  9.767134710029459E-003 -4.822590792457721E-003  7.533595573281259E-003
  1.039384034655246E-003  1.082463987767647E-003   2.58454944559540     
  0.600192882921646     
 
 Objective function f =  1.172983587980288E-003   1.00000000000000     
 
 dfdD_i =  3.419373863826800E-002  2.279760452274502E-002
  1.477734980089443E-002  1.269293889042343E-002  1.092804014396411E-002
  9.345721292917161E-003  7.771701291728582E-003  1.338809870012487E-002
  1.399398335191952E-002  1.559088194757077E-002  1.758141666214807E-002
  1.963075930532926E-002  2.602875231412917E-002  3.534856680128907E-002
  3.364745114417222E-002  3.739364252946903E-003
 
 D =  1.106652257166974E-003  1.088821832431018E-003  9.629670101802061E-003
  9.604769763082551E-003  9.719832220866380E-003  9.814883027051536E-003
  9.867489411698287E-003 -9.803980024151284E-003 -5.747501713566853E-003
  9.767134710029459E-003 -4.822590792457721E-003  7.533595573281259E-003
  1.039384034655246E-003  1.082463987767647E-003   2.58454944559540     
  0.600192882921646     
 
 Objective function f =  1.172983587980309E-003   1.00000000000000     
 
 dfdD_i =  3.419373863825893E-002  2.279760452273629E-002
  1.477734980088740E-002  1.269293889041611E-002  1.092804014395590E-002
  9.345721292907653E-003  7.771701291717407E-003  1.338809870011282E-002
  1.399398335190857E-002  1.559088194756117E-002  1.758141666213982E-002
  1.963075930532190E-002  2.602875231412011E-002  3.534856680127771E-002
  3.364745114420875E-002  3.739364252947170E-003
 
 D =  1.106652257166974E-003  1.088821832431018E-003  9.629670101802061E-003
  9.604769763082551E-003  9.719832220866380E-003  9.814883027051536E-003
  9.867489411698287E-003 -9.803980024151284E-003 -5.747501713566853E-003
  9.767134710029459E-003 -4.822590792457721E-003  7.533595573281259E-003
  1.039384034655246E-003  1.082463987767647E-003   2.58454944559540     
  0.600192882921646     
 
 Objective function f =  0.600083089681713        1.00000000000000     
 
 dfdD_i =   9.21987491960795        6.21289408155935     
   3.98210468029142        3.43330399965211        3.01984760530737     
   2.68611202233900        2.36401130243639        3.44975868382239     
   3.83303688331810        4.21798626026700        4.65872249631085     
   5.18433772581386        7.01443529145229        9.48608087503164     
   8.74658383115395       0.753088699907303     
 
 D =  1.224354771317649E-003  1.222004062729474E-003  9.913102532545192E-003
  9.899525326275763E-003  9.945670261417015E-003  9.976132048970901E-003
  9.988956095832020E-003 -9.975259226890710E-003 -5.826089457093502E-003
  9.985252738217754E-003 -5.506850335958539E-003  8.162156666632321E-003
  1.203353282662345E-003  1.219089586396023E-003   2.53250841696192     
  0.600012094809924     
 
 Objective function f =  0.600005012464298        1.00000000000000     
 
 dfdD_i =   9.20377948747433        6.19623644376373     
   3.96866880805289        3.42180841404514        3.01079428308922     
   2.67986109375005        2.36085987219584        3.42657034467498     
   3.81007613677020        4.20182305991335        4.65127647319648     
   5.18583111865138        7.03571878235080        9.51201747142980     
   8.74295513591145       0.752492392631472     
 
 D =  1.224354771317649E-003  1.222004062729474E-003  9.913102532545192E-003
  9.899525326275763E-003  9.945670261417015E-003  9.976132048970901E-003
  9.988956095832020E-003 -9.975259226890710E-003 -5.826089457093502E-003
  9.985252738217754E-003 -5.506850335958539E-003  8.162156666632321E-003
  1.203353282662345E-003  1.219089586396023E-003   2.53250841696192     
  0.600012094809924     
 
 Objective function f =  1.171229573873986E-003   1.00000000000000     
 
 dfdD_i =  3.383008988927851E-002  2.254896454451333E-002
  1.465417211180159E-002  1.261762577783213E-002  1.089990568654866E-002
  9.364673960817188E-003  7.837868967065035E-003  1.399529700531230E-002
  1.455929153455739E-002  1.587189642475837E-002  1.764083513541639E-002
  1.959782652975942E-002  2.592661615841055E-002  3.514159910333181E-002
  3.299218680434840E-002  3.586482216849264E-003
 
 D =  1.224354771317649E-003  1.222004062729474E-003  9.913102532545192E-003
  9.899525326275763E-003  9.945670261417015E-003  9.976132048970901E-003
  9.988956095832020E-003 -9.975259226890710E-003 -5.826089457093502E-003
  9.985252738217754E-003 -5.506850335958539E-003  8.162156666632321E-003
  1.203353282662345E-003  1.219089586396023E-003   2.53250841696192     
  0.600012094809924     
 
 Objective function f =  1.171229573874146E-003   1.00000000000000     
 
 dfdD_i =  3.383008988928103E-002  2.254896454451491E-002
  1.465417211180441E-002  1.261762577783531E-002  1.089990568655197E-002
  9.364673960820344E-003  7.837868967067790E-003  1.399529700531145E-002
  1.455929153455632E-002  1.587189642475710E-002  1.764083513541512E-002
  1.959782652975866E-002  2.592661615841249E-002  3.514159910333555E-002
  3.299218680434585E-002  3.586482216850158E-003
 
 D =  1.224354771317649E-003  1.222004062729474E-003  9.913102532545192E-003
  9.899525326275763E-003  9.945670261417015E-003  9.976132048970901E-003
  9.988956095832020E-003 -9.975259226890710E-003 -5.826089457093502E-003
  9.985252738217754E-003 -5.506850335958539E-003  8.162156666632321E-003
  1.203353282662345E-003  1.219089586396023E-003   2.53250841696192     
  0.600012094809924     
 
 Objective function f =  0.600005012464297        1.00000000000000     
 
 dfdD_i =   9.20377948747433        6.19623644376372     
   3.96866880805286        3.42180841404511        3.01079428308919     
   2.67986109375002        2.36085987219580        3.42657034467493     
   3.81007613677015        4.20182305991331        4.65127647319646     
   5.18583111865138        7.03571878235082        9.51201747142983     
   8.74295513591166       0.752492392631477     
 
 D =  1.245727466387695E-003  1.245600565932367E-003  9.987173284919085E-003
  9.984903647893071E-003  9.991877648309186E-003  9.995285702375492E-003
  9.996756462986148E-003 -9.999864617696535E-003 -5.936984847710648E-003
  9.968550556292664E-003 -6.066700944807823E-003  8.939562485611528E-003
  1.244163275282535E-003  1.245024742238018E-003   2.51599009396133     
  0.600004481670107     
 
 Objective function f =  0.600004278415012        1.00000000000000     
 
 dfdD_i =   9.20009847468647        6.19218635390904     
   3.96535108634816        3.41918562620223        3.00904686984401     
   2.67907120958942        2.36105734113603        3.42017652643019     
   3.80455947926745        4.19877720742154        4.65281421404915     
   5.19320879370208        7.04897374498032        9.51656038249787     
   8.73888339132822       0.751573189216351     
 
 D =  1.245727466387695E-003  1.245600565932367E-003  9.987173284919085E-003
  9.984903647893071E-003  9.991877648309186E-003  9.995285702375492E-003
  9.996756462986148E-003 -9.999864617696535E-003 -5.936984847710648E-003
  9.968550556292664E-003 -6.066700944807823E-003  8.939562485611528E-003
  1.244163275282535E-003  1.245024742238018E-003   2.51599009396133     
  0.600004481670107     
 
 Objective function f =  1.170982985936082E-003   1.00000000000000     
 
 dfdD_i =  3.386242269286011E-002  2.256206856751636E-002
  1.465759011903537E-002  1.261871007954439E-002  1.089794308840359E-002
  9.358650864713047E-003  7.826606710575595E-003  1.383684423157641E-002
  1.441377344581852E-002  1.579106406332014E-002  1.763163122017788E-002
  1.964946112140846E-002  2.601696595449626E-002  3.519860723617870E-002
  3.306648678534801E-002  3.605235785040304E-003
 
 D =  1.245727466387695E-003  1.245600565932367E-003  9.987173284919085E-003
  9.984903647893071E-003  9.991877648309186E-003  9.995285702375492E-003
  9.996756462986148E-003 -9.999864617696535E-003 -5.936984847710648E-003
  9.968550556292664E-003 -6.066700944807823E-003  8.939562485611528E-003
  1.244163275282535E-003  1.245024742238018E-003   2.51599009396133     
  0.600004481670107     
 
 Objective function f =  1.170982985936245E-003   1.00000000000000     
 
 dfdD_i =  3.386242269285947E-002  2.256206856751608E-002
  1.465759011903501E-002  1.261871007954427E-002  1.089794308840364E-002
  9.358650864713134E-003  7.826606710575688E-003  1.383684423157152E-002
  1.441377344581253E-002  1.579106406331392E-002  1.763163122017200E-002
  1.964946112140324E-002  2.601696595449236E-002  3.519860723617482E-002
  3.306648678536178E-002  3.605235785041204E-003
 
 D =  1.245727466387695E-003  1.245600565932367E-003  9.987173284919085E-003
  9.984903647893071E-003  9.991877648309186E-003  9.995285702375492E-003
  9.996756462986148E-003 -9.999864617696535E-003 -5.936984847710648E-003
  9.968550556292664E-003 -6.066700944807823E-003  8.939562485611528E-003
  1.244163275282535E-003  1.245024742238018E-003   2.51599009396133     
  0.600004481670107     
 
 Objective function f =  0.600004278415010        1.00000000000000     
 
 dfdD_i =   9.20009847468636        6.19218635390898     
   3.96535108634813        3.41918562620219        3.00904686984397     
   2.67907120958937        2.36105734113598        3.42017652643020     
   3.80455947926745        4.19877720742153        4.65281421404914     
   5.19320879370205        7.04897374498025        9.51656038249781     
   8.73888339132844       0.751573189216345     
 
 D =  1.249859921024794E-003  1.249847096607010E-003  9.999652291225816E-003
  9.999704128789854E-003  9.999732150572314E-003  9.999840347507250E-003
  9.999902521734374E-003 -9.999868356820787E-003 -5.925550071404642E-003
  9.999706171500422E-003 -6.569984450034108E-003  9.431894960222256E-003
  1.249713977231127E-003  1.249838187132530E-003   2.51151195762374     
  0.600000158304449     
 
 Objective function f =  0.600000714971528        1.00000000000000     
 
 dfdD_i =   9.19935778356628        6.19146646185861     
   3.96481052255283        3.41877322251232        3.00879355967053     
   2.67899468259009        2.36116798058835        3.41772548932330     
   3.80196619022591        4.19683616326286        4.65271179909516     
   5.19588697830126        7.05497960077228        9.51808037209365     
   8.73783987035090       0.751301947201422     
 
 D =  1.249859921024794E-003  1.249847096607010E-003  9.999652291225816E-003
  9.999704128789854E-003  9.999732150572314E-003  9.999840347507250E-003
  9.999902521734374E-003 -9.999868356820787E-003 -5.925550071404642E-003
  9.999706171500422E-003 -6.569984450034108E-003  9.431894960222256E-003
  1.249713977231127E-003  1.249838187132530E-003   2.51151195762374     
  0.600000158304449     
 
 Objective function f =  1.170917294382707E-003   1.00000000000000     
 
 dfdD_i =  3.386616124311174E-002  2.256332481504667E-002
  1.465789456686402E-002  1.261888505805468E-002  1.089788158506144E-002
  9.358181135128237E-003  7.825476478940991E-003  1.381076723712974E-002
  1.438113835492950E-002  1.576597096305770E-002  1.762481448868783E-002
  1.966641662547694E-002  2.605014662947770E-002  3.520648377308559E-002
  3.307476351279837E-002  3.607831088578756E-003
 
 D =  1.249859921024794E-003  1.249847096607010E-003  9.999652291225816E-003
  9.999704128789854E-003  9.999732150572314E-003  9.999840347507250E-003
  9.999902521734374E-003 -9.999868356820787E-003 -5.925550071404642E-003
  9.999706171500422E-003 -6.569984450034108E-003  9.431894960222256E-003
  1.249713977231127E-003  1.249838187132530E-003   2.51151195762374     
  0.600000158304449     
 
 Objective function f =  0.600000714971527        1.00000000000000     
 
 dfdD_i =   9.19935778356621        6.19146646185855     
   3.96481052255282        3.41877322251235        3.00879355967058     
   2.67899468259014        2.36116798058838        3.41772548932324     
   3.80196619022588        4.19683616326284        4.65271179909514     
   5.19588697830125        7.05497960077227        9.51808037209368     
   8.73783987035114       0.751301947201417     
 
 D =  1.249859921024794E-003  1.249847096607010E-003  9.999652291225816E-003
  9.999704128789854E-003  9.999732150572314E-003  9.999840347507250E-003
  9.999902521734374E-003 -9.999868356820787E-003 -5.925550071404642E-003
  9.999706171500422E-003 -6.569984450034108E-003  9.431894960222256E-003
  1.249713977231127E-003  1.249838187132530E-003   2.51151195762374     
  0.600000158304449     
 
 Objective function f =  1.170917294382667E-003   1.00000000000000     
 
 dfdD_i =  3.386616124311852E-002  2.256332481505230E-002
  1.465789456686603E-002  1.261888505805550E-002  1.089788158506170E-002
  9.358181135128381E-003  7.825476478941192E-003  1.381076723712984E-002
  1.438113835493211E-002  1.576597096306169E-002  1.762481448869221E-002
  1.966641662548121E-002  2.605014662948198E-002  3.520648377309078E-002
  3.307476351277810E-002  3.607831088578872E-003
 
 D =  1.249999437617259E-003  1.249998424517881E-003  9.999980624273888E-003
  9.999978043437429E-003  9.999989078933196E-003  9.999996912196290E-003
  1.000000081602134E-002 -1.000000003600133E-002 -5.790835741891324E-003
  9.999945346386922E-003 -7.200340275482534E-003  9.856557351491961E-003
  1.249991639245853E-003  1.249998349785002E-003   2.51284740426603     
  0.600000002855502     
 
 Objective function f =  0.600000527936573        1.00000000000000     
 
 dfdD_i =   9.19905613689327        6.19122767884734     
   3.96463247203564        3.41861040577677        3.00863997316466     
   2.67884539719171        2.36102025271810        3.41679523124646     
   3.79961136936207        4.19344042338309        4.64949339118554     
   5.19440786337901        7.05856409123442        9.52033115351391     
   8.73724551631077       0.750995500221181     
 
 D =  1.249999437617259E-003  1.249998424517881E-003  9.999980624273888E-003
  9.999978043437429E-003  9.999989078933196E-003  9.999996912196290E-003
  1.000000081602134E-002 -1.000000003600133E-002 -5.790835741891324E-003
  9.999945346386922E-003 -7.200340275482534E-003  9.856557351491961E-003
  1.249991639245853E-003  1.249998349785002E-003   2.51284740426603     
  0.600000002855502     
 
 Objective function f =  1.170907861024990E-003   1.00000000000000     
 
 dfdD_i =  3.386466902001758E-002  2.256226446050976E-002
  1.465725960400794E-002  1.261843517110621E-002  1.089767043392154E-002
  9.358271981793965E-003  7.825913546861294E-003  1.382165446165591E-002
  1.436972777604415E-002  1.574071565934937E-002  1.760088933932187E-002
  1.965803156132356E-002  2.607137195550173E-002  3.521258540659281E-002
  3.307171118887020E-002  3.607326663641320E-003
 
 D =  1.249999437617259E-003  1.249998424517881E-003  9.999980624273888E-003
  9.999978043437429E-003  9.999989078933196E-003  9.999996912196290E-003
  1.000000081602134E-002 -1.000000003600133E-002 -5.790835741891324E-003
  9.999945346386922E-003 -7.200340275482534E-003  9.856557351491961E-003
  1.249991639245853E-003  1.249998349785002E-003   2.51284740426603     
  0.600000002855502     
 
 Objective function f =  0.600000527936573        1.00000000000000     
 
 dfdD_i =   9.19905613689325        6.19122767884731     
   3.96463247203560        3.41861040577674        3.00863997316463     
   2.67884539719168        2.36102025271807        3.41679523124648     
   3.79961136936208        4.19344042338311        4.64949339118555     
   5.19440786337902        7.05856409123437        9.52033115351384     
   8.73724551631089       0.750995500221196     
 
 D =  1.249999437617259E-003  1.249998424517881E-003  9.999980624273888E-003
  9.999978043437429E-003  9.999989078933196E-003  9.999996912196290E-003
  1.000000081602134E-002 -1.000000003600133E-002 -5.790835741891324E-003
  9.999945346386922E-003 -7.200340275482534E-003  9.856557351491961E-003
  1.249991639245853E-003  1.249998349785002E-003   2.51284740426603     
  0.600000002855502     
 
 Objective function f =  1.170907861025001E-003   1.00000000000000     
 
 dfdD_i =  3.386466902001471E-002  2.256226446050715E-002
  1.465725960400594E-002  1.261843517110391E-002  1.089767043391891E-002
  9.358271981791068E-003  7.825913546858019E-003  1.382165446165485E-002
  1.436972777604427E-002  1.574071565934983E-002  1.760088933932217E-002
  1.965803156132349E-002  2.607137195550033E-002  3.521258540659072E-002
  3.307171118888325E-002  3.607326663641648E-003
 
 D =  1.249999495918011E-003  1.249998506693159E-003  9.999981214479101E-003
  9.999978689274019E-003  9.999989511744724E-003  9.999997159068691E-003
  1.000000097188753E-002 -9.999998998823405E-003 -5.716081590546420E-003
  9.999931750307577E-003 -7.443405789197956E-003  9.961488729791152E-003
  1.249994378342386E-003  1.249997797215416E-003   2.51481820305479     
  0.600000003089062     
 
 Objective function f =  0.600000123837803        1.00000000000000     
 
 dfdD_i =   9.19890233759083        6.19108248928909     
   3.96449532319122        3.41847055345404        3.00849220538355     
   2.67868509289753        2.36084449001396        3.41688635337424     
   3.79880005537777        4.19172395797470        4.64726931585284     
   5.19238696545658        7.05891101711233        9.52155387654388     
   8.73708425364821       0.750854420222317     
 
 D =  1.249999495918011E-003  1.249998506693159E-003  9.999981214479101E-003
  9.999978689274019E-003  9.999989511744724E-003  9.999997159068691E-003
  1.000000097188753E-002 -9.999998998823405E-003 -5.716081590546420E-003
  9.999931750307577E-003 -7.443405789197956E-003  9.961488729791152E-003
  1.249994378342386E-003  1.249997797215416E-003   2.51481820305479     
  0.600000003089062     
 
 Objective function f =  1.170905188188486E-003   1.00000000000000     
 
 dfdD_i =  3.386186818007843E-002  2.256040196037941E-002
  1.465620297124730E-002  1.261767215955617E-002  1.089724892818717E-002
  9.358262839343623E-003  7.826402550065189E-003  1.383675751974349E-002
  1.437236976760353E-002  1.573177079699136E-002  1.758665150170471E-002
  1.964595482138199E-002  2.607434157224382E-002  3.521538252818687E-002
  3.306674063825649E-002  3.606197975351890E-003
 
 D =  1.249999495918011E-003  1.249998506693159E-003  9.999981214479101E-003
  9.999978689274019E-003  9.999989511744724E-003  9.999997159068691E-003
  1.000000097188753E-002 -9.999998998823405E-003 -5.716081590546420E-003
  9.999931750307577E-003 -7.443405789197956E-003  9.961488729791152E-003
  1.249994378342386E-003  1.249997797215416E-003   2.51481820305479     
  0.600000003089062     
 
 Objective function f =  0.600000123837803        1.00000000000000     
 
 dfdD_i =   9.19890233759078        6.19108248928910     
   3.96449532319125        3.41847055345406        3.00849220538356     
   2.67868509289754        2.36084449001397        3.41688635337430     
   3.79880005537782        4.19172395797475        4.64726931585289     
   5.19238696545662        7.05891101711232        9.52155387654387     
   8.73708425364842       0.750854420222318     
 
 D =  1.249999495918011E-003  1.249998506693159E-003  9.999981214479101E-003
  9.999978689274019E-003  9.999989511744724E-003  9.999997159068691E-003
  1.000000097188753E-002 -9.999998998823405E-003 -5.716081590546420E-003
  9.999931750307577E-003 -7.443405789197956E-003  9.961488729791152E-003
  1.249994378342386E-003  1.249997797215416E-003   2.51481820305479     
  0.600000003089062     
 
 Objective function f =  1.170905188188618E-003   1.00000000000000     
 
 dfdD_i =  3.386186818007736E-002  2.256040196038119E-002
  1.465620297125011E-002  1.261767215955924E-002  1.089724892819047E-002
  9.358262839346970E-003  7.826402550068303E-003  1.383675751973533E-002
  1.437236976759606E-002  1.573177079698443E-002  1.758665150169851E-002
  1.964595482137652E-002  2.607434157223903E-002  3.521538252818304E-002
  3.306674063827125E-002  3.606197975352336E-003
 
 D =  1.249999480419806E-003  1.249998494472722E-003  9.999981173048381E-003
  9.999978645848362E-003  9.999989495168154E-003  9.999997152666149E-003
  1.000000096804276E-002 -9.999999025469988E-003 -5.707379086006635E-003
  9.999933010436024E-003 -7.480662594092658E-003  9.988911961098986E-003
  1.249994344475528E-003  1.249997778776329E-003   2.51480217546713     
  0.600000003087809     
 
 Objective function f =  0.599999994289488        1.00000000000000     
 
 dfdD_i =   9.19891613443357        6.19109066888321     
   3.96449884309511        3.41847240782270        3.00849229517761     
   2.67868329905652        2.36084069509403        3.41679123321780     
   3.79863707080390        4.19153908966464        4.64713101610703     
   5.19237110770345        7.05916923878699        9.52168322972446     
   8.73710340701987       0.750853629415033     
 
 D =  1.249999480419806E-003  1.249998494472722E-003  9.999981173048381E-003
  9.999978645848362E-003  9.999989495168154E-003  9.999997152666149E-003
  1.000000096804276E-002 -9.999999025469988E-003 -5.707379086006635E-003
  9.999933010436024E-003 -7.480662594092658E-003  9.988911961098986E-003
  1.249994344475528E-003  1.249997778776329E-003   2.51480217546713     
  0.600000003087809     
 
 Objective function f =  1.170904582931770E-003   1.00000000000000     
 
 dfdD_i =  3.386031902506758E-002  2.255945932486399E-002
  1.465579212379919E-002  1.261745306114163E-002  1.089723093123019E-002
  9.358460802693761E-003  7.826832029630013E-003  1.384124521932135E-002
  1.437523510672288E-002  1.573225975040461E-002  1.758600316175246E-002
  1.964560621546712E-002  2.607471831345622E-002  3.521406070144133E-002
  3.306351252318740E-002  3.605479100379925E-003
 
 D =  1.249999480419806E-003  1.249998494472722E-003  9.999981173048381E-003
  9.999978645848362E-003  9.999989495168154E-003  9.999997152666149E-003
  1.000000096804276E-002 -9.999999025469988E-003 -5.707379086006635E-003
  9.999933010436024E-003 -7.480662594092658E-003  9.988911961098986E-003
  1.249994344475528E-003  1.249997778776329E-003   2.51480217546713     
  0.600000003087809     
 
 Objective function f =  0.599999994289488        1.00000000000000     
 
 dfdD_i =   9.19891613443351        6.19109066888316     
   3.96449884309509        3.41847240782269        3.00849229517762     
   2.67868329905654        2.36084069509404        3.41679123321781     
   3.79863707080390        4.19153908966463        4.64713101610703     
   5.19237110770345        7.05916923878699        9.52168322972444     
   8.73710340701965       0.750853629415035     
 
 D =  1.249999480419806E-003  1.249998494472722E-003  9.999981173048381E-003
  9.999978645848362E-003  9.999989495168154E-003  9.999997152666149E-003
  1.000000096804276E-002 -9.999999025469988E-003 -5.707379086006635E-003
  9.999933010436024E-003 -7.480662594092658E-003  9.988911961098986E-003
  1.249994344475528E-003  1.249997778776329E-003   2.51480217546713     
  0.600000003087809     
 
 Objective function f =  1.170904582931837E-003   1.00000000000000     
 
 dfdD_i =  3.386031902506282E-002  2.255945932485965E-002
  1.465579212379510E-002  1.261745306113736E-002  1.089723093122560E-002
  9.358460802688805E-003  7.826832029624704E-003  1.384124521931837E-002
  1.437523510672132E-002  1.573225975040405E-002  1.758600316175222E-002
  1.964560621546663E-002  2.607471831345482E-002  3.521406070143969E-002
  3.306351252320383E-002  3.605479100380589E-003
