           1  0.903269016756258       -1.59164127685549     
           2  0.804051544851044       4.513433506683895E-003
           3  0.602052657447560       0.612757466700229     
           4  0.501866158189287       0.586878043424333     
           5  0.399694860583434       0.738784066848840     
           6  0.301158507701292        1.36845632167891     
           7  0.205346444050076        2.72554104562993     
           8  0.202450889381161        2.03078186519695     
           9  0.301538478396521       0.728213761579411     
          10  0.402014946835827       0.122863755513880     
          11  0.504570952907477      -5.788079806000320E-002
          12  0.604736568670243      -0.115475942836563     
          13  0.803383624472688      -0.769492970874863     
          14  0.901823325566936       -1.69370832500600     
          15   13.3211339270355     
          16 -2.896931419296489E-034
