           1  0.903269016756258        9.50040853092094     
           2  0.804051544851044        6.40573021091975     
           3  0.602052657447560        4.10877307312189     
           4  0.501866158189287        3.54569112441182     
           5  0.399694860583434        3.12550860560674     
           6  0.301158507701292        2.79223391355038     
           7  0.205346444050076        2.47709795582837     
           8  0.202450889381161        4.14110595846181     
           9  0.301538478396521        4.75462625402579     
          10  0.402014946835827        5.20405700248269     
          11  0.504570952907477        5.53850922173424     
          12  0.604736568670243        5.82040968576267     
          13  0.803383624472688        7.01660710003205     
          14  0.901823325566936        9.28548092369685     
          15   9.23797755103649     
          16   1.09976662516093     
