           1  0.903269016756258        9.40724511379950     
           2  0.804051544851044        6.35080112872282     
           3  0.602052657447560        4.08671007150912     
           4  0.501866158189287        3.53451208228488     
           5  0.399694860583434        3.12476746064239     
           6  0.301158507701292        2.80161429084353     
           7  0.205346444050076        2.49639703053838     
           8  0.202450889381161        3.85547972118786     
           9  0.301538478396521        4.46220963796764     
          10  0.402014946835827        4.95800205005273     
          11  0.504570952907477        5.37688001458729     
          12  0.604736568670243        5.74707486285156     
          13  0.803383624472688        7.00534559223414     
          14  0.901823325566936        9.23024108742291     
          15   9.04543513027609     
          16  0.913682306382296     
