           1  0.903269016756258        9.52998372996689     
           2  0.804051544851044        6.41640524654144     
           3  0.602052657447560        4.10199344092061     
           4  0.501866158189287        3.53187781493035     
           5  0.399694860583434        3.10384744296307     
           6  0.301158507701292        2.76195872009082     
           7  0.205346444050076        2.43756545686802     
           8  0.202450889381161        4.28982527758182     
           9  0.301538478396521        4.89983973870458     
          10  0.402014946835827        5.32855334656777     
          11  0.504570952907477        5.63112059246462     
          12  0.604736568670243        5.88289076039829     
          13  0.803383624472688        7.06406843591979     
          14  0.901823325566936        9.35375152146447     
          15   9.31582223556575     
          16   1.23902143099525     
