 >> Number of Processors =   1
 Calc con  0.000000000000000E+000  0.000000000000000E+000
  0.000000000000000E+000  0.000000000000000E+000  0.000000000000000E+000
  0.000000000000000E+000  0.000000000000000E+000  0.000000000000000E+000
  0.000000000000000E+000  0.000000000000000E+000  0.000000000000000E+000
  0.000000000000000E+000  0.000000000000000E+000  0.000000000000000E+000
  3.490658503988659E-002  0.650000000000000     
 Design variables:  0.000000000000000E+000  0.000000000000000E+000
  0.000000000000000E+000  0.000000000000000E+000  0.000000000000000E+000
  0.000000000000000E+000  0.000000000000000E+000  0.000000000000000E+000
  0.000000000000000E+000  0.000000000000000E+000  0.000000000000000E+000
  0.000000000000000E+000  0.000000000000000E+000  0.000000000000000E+000
  3.490658503988659E-002  0.650000000000000     
 Constraint value, mean lift and its standard deviation:  0.310613483550254     
  0.324423343288769       1.751841341951167E-002
 Calc obj  0.000000000000000E+000  0.000000000000000E+000
  0.000000000000000E+000  0.000000000000000E+000  0.000000000000000E+000
  0.000000000000000E+000  0.000000000000000E+000  0.000000000000000E+000
  0.000000000000000E+000  0.000000000000000E+000  0.000000000000000E+000
  0.000000000000000E+000  0.000000000000000E+000  0.000000000000000E+000
  3.490658503988659E-002  0.650000000000000     
 Design variables:  0.000000000000000E+000  0.000000000000000E+000
  0.000000000000000E+000  0.000000000000000E+000  0.000000000000000E+000
  0.000000000000000E+000  0.000000000000000E+000  0.000000000000000E+000
  0.000000000000000E+000  0.000000000000000E+000  0.000000000000000E+000
  0.000000000000000E+000  0.000000000000000E+000  0.000000000000000E+000
  3.490658503988659E-002  0.650000000000000     
 Mean drag value and variance:  2.615981155218596E-003  1.234529050279583E-008
 
 iter    objective      ||grad||        inf_pr          inf_du         lg(mu)
    0  0.2615994E-02  0.0000000E+00  0.3206135E+00  0.9956060E+00  0.1000000E+01
 Calc con  8.148986469507448E-004  5.791534871962081E-004
  3.271656966331684E-003  2.907444463923658E-003  2.594371531189031E-003
  2.302434942510354E-003  1.990637665537929E-003  2.564512179418910E-003
  2.792125753300458E-003  2.984057308759376E-003  3.204437559112590E-003
  3.501286491842972E-003  5.960160683515749E-004  8.210777360231545E-004
  5.537983234929977E-002  0.663146128921436     
 Design variables:  8.148986469507448E-004  5.791534871962081E-004
  3.271656966331684E-003  2.907444463923658E-003  2.594371531189031E-003
  2.302434942510354E-003  1.990637665537929E-003  2.564512179418910E-003
  2.792125753300458E-003  2.984057308759376E-003  3.204437559112590E-003
  3.501286491842972E-003  5.960160683515749E-004  8.210777360231545E-004
  5.537983234929977E-002  0.663146128921436     
 Constraint value, mean lift and its standard deviation: -4.512431613446228E-002
  0.687011047780815       2.094336582317627E-002
 Calc obj  8.148986469507448E-004  5.791534871962081E-004
  3.271656966331684E-003  2.907444463923658E-003  2.594371531189031E-003
  2.302434942510354E-003  1.990637665537929E-003  2.564512179418910E-003
  2.792125753300458E-003  2.984057308759376E-003  3.204437559112590E-003
  3.501286491842972E-003  5.960160683515749E-004  8.210777360231545E-004
  5.537983234929977E-002  0.663146128921436     
 Design variables:  8.148986469507448E-004  5.791534871962081E-004
  3.271656966331684E-003  2.907444463923658E-003  2.594371531189031E-003
  2.302434942510354E-003  1.990637665537929E-003  2.564512179418910E-003
  2.792125753300458E-003  2.984057308759376E-003  3.204437559112590E-003
  3.501286491842972E-003  5.960160683515749E-004  8.210777360231545E-004
  5.537983234929977E-002  0.663146128921436     
 Mean drag value and variance:  7.093041640245109E-003  2.949428940656982E-006
    1  0.7095991E-02  0.2435672E-01  0.1076760E-01  0.7079027E+00  0.2569640E-01
 Calc con  7.570648334067676E-004  5.389112057107838E-004
  3.258052847333203E-003  2.910327132737721E-003  2.611558636568898E-003
  2.331789048631313E-003  2.029799770905392E-003  1.930326368833472E-003
  2.569796475125239E-003  3.206863403415858E-003  3.610324329913980E-003
  3.773488044918887E-003  5.547712417483472E-004  7.628260673061210E-004
  5.523206342065466E-002  0.657422708418196     
 Design variables:  7.570648334067676E-004  5.389112057107838E-004
  3.258052847333203E-003  2.910327132737721E-003  2.611558636568898E-003
  2.331789048631313E-003  2.029799770905392E-003  1.930326368833472E-003
  2.569796475125239E-003  3.206863403415858E-003  3.610324329913980E-003
  3.773488044918887E-003  5.547712417483472E-004  7.628260673061210E-004
  5.523206342065466E-002  0.657422708418196     
 Constraint value, mean lift and its standard deviation: -3.505650258347378E-002
  0.678445232756995       2.169436508676044E-002
 Calc obj  7.570648334067676E-004  5.389112057107838E-004
  3.258052847333203E-003  2.910327132737721E-003  2.611558636568898E-003
  2.331789048631313E-003  2.029799770905392E-003  1.930326368833472E-003
  2.569796475125239E-003  3.206863403415858E-003  3.610324329913980E-003
  3.773488044918887E-003  5.547712417483472E-004  7.628260673061210E-004
  5.523206342065466E-002  0.657422708418196     
 Design variables:  7.570648334067676E-004  5.389112057107838E-004
  3.258052847333203E-003  2.910327132737721E-003  2.611558636568898E-003
  2.331789048631313E-003  2.029799770905392E-003  1.930326368833472E-003
  2.569796475125239E-003  3.206863403415858E-003  3.610324329913980E-003
  3.773488044918887E-003  5.547712417483472E-004  7.628260673061210E-004
  5.523206342065466E-002  0.657422708418196     
 Mean drag value and variance:  5.982314773281947E-003  1.370009070059904E-006
    2  0.5983685E-02  0.5723421E-02  0.3364817E-02  0.7503413E-01  0.1999581E-02
 Calc con  6.584292363221254E-004  4.698954206899640E-004
  3.450961718476925E-003  3.107967425339280E-003  2.816663466950128E-003
  2.544808814445871E-003  2.246817729949494E-003  1.130656847645813E-003
  4.123689848365664E-003  5.086204143755543E-003  4.737950245526070E-003
  4.105143497262371E-003  4.849613690628507E-004  6.645539802531497E-004
  5.379539366637722E-002  0.647512242617208     
 Design variables:  6.584292363221254E-004  4.698954206899640E-004
  3.450961718476925E-003  3.107967425339280E-003  2.816663466950128E-003
  2.544808814445871E-003  2.246817729949494E-003  1.130656847645813E-003
  4.123689848365664E-003  5.086204143755543E-003  4.737950245526070E-003
  4.105143497262371E-003  4.849613690628507E-004  6.645539802531497E-004
  5.379539366637722E-002  0.647512242617208     
 Constraint value, mean lift and its standard deviation: -3.044872025757341E-002
  0.674456381965812       2.200383085411932E-002
 Calc obj  6.584292363221254E-004  4.698954206899640E-004
  3.450961718476925E-003  3.107967425339280E-003  2.816663466950128E-003
  2.544808814445871E-003  2.246817729949494E-003  1.130656847645813E-003
  4.123689848365664E-003  5.086204143755543E-003  4.737950245526070E-003
  4.105143497262371E-003  4.849613690628507E-004  6.645539802531497E-004
  5.379539366637722E-002  0.647512242617208     
 Design variables:  6.584292363221254E-004  4.698954206899640E-004
  3.450961718476925E-003  3.107967425339280E-003  2.816663466950128E-003
  2.544808814445871E-003  2.246817729949494E-003  1.130656847645813E-003
  4.123689848365664E-003  5.086204143755543E-003  4.737950245526070E-003
  4.105143497262371E-003  4.849613690628507E-004  6.645539802531497E-004
  5.379539366637722E-002  0.647512242617208     
 Mean drag value and variance:  5.144301117648339E-003  3.162986850632734E-007
    3  0.5144617E-02  0.9910466E-02  0.3106438E-02  0.8343238E-01  0.3390854E-03
 Calc con  6.569519901220544E-004  4.763407836304678E-004
  4.261063256376305E-003  3.816778918018889E-003  3.437908801661266E-003
  3.088050529145314E-003  2.710494820036001E-003  1.988389058568898E-003
  4.203321599553373E-003  5.088642657831600E-003  5.013449798326917E-003
  4.897511565900446E-003  4.952346417180966E-004  6.610394540139722E-004
  5.054232887750953E-002  0.642478933042729     
 Design variables:  6.569519901220544E-004  4.763407836304678E-004
  4.261063256376305E-003  3.816778918018889E-003  3.437908801661266E-003
  3.088050529145314E-003  2.710494820036001E-003  1.988389058568898E-003
  4.203321599553373E-003  5.088642657831600E-003  5.013449798326917E-003
  4.897511565900446E-003  4.952346417180966E-004  6.610394540139722E-004
  5.054232887750953E-002  0.642478933042729     
 Constraint value, mean lift and its standard deviation: -1.506520487297480E-002
  0.658231113905998       2.158295451651144E-002
 Calc obj  6.569519901220544E-004  4.763407836304678E-004
  4.261063256376305E-003  3.816778918018889E-003  3.437908801661266E-003
  3.088050529145314E-003  2.710494820036001E-003  1.988389058568898E-003
  4.203321599553373E-003  5.088642657831600E-003  5.013449798326917E-003
  4.897511565900446E-003  4.952346417180966E-004  6.610394540139722E-004
  5.054232887750953E-002  0.642478933042729     
 Design variables:  6.569519901220544E-004  4.763407836304678E-004
  4.261063256376305E-003  3.816778918018889E-003  3.437908801661266E-003
  3.088050529145314E-003  2.710494820036001E-003  1.988389058568898E-003
  4.203321599553373E-003  5.088642657831600E-003  5.013449798326917E-003
  4.897511565900446E-003  4.952346417180966E-004  6.610394540139722E-004
  5.054232887750953E-002  0.642478933042729     
 Mean drag value and variance:  4.741598774714079E-003  8.236595718158471E-008
    4  0.4741681E-02  0.1754821E-01  0.9417392E-03  0.1924006E-01  0.4594210E-04
 Calc con  8.026484115624748E-004  6.368669771966147E-004
  6.820061627335435E-003  6.253226766386842E-003  5.762310528526658E-003
  5.306159175281943E-003  4.793721784959267E-003  6.930004674871311E-003
  6.701298815452275E-003  6.473254460517928E-003  6.535772544068664E-003
  7.593736973104196E-003  6.642964965955555E-004  8.024493540353423E-004
  3.749634573897495E-002  0.637211183132966     
 Design variables:  8.026484115624748E-004  6.368669771966147E-004
  6.820061627335435E-003  6.253226766386842E-003  5.762310528526658E-003
  5.306159175281943E-003  4.793721784959267E-003  6.930004674871311E-003
  6.701298815452275E-003  6.473254460517928E-003  6.535772544068664E-003
  7.593736973104196E-003  6.642964965955555E-004  8.024493540353423E-004
  3.749634573897495E-002  0.637211183132966     
 Constraint value, mean lift and its standard deviation:  3.766644419494307E-003
  0.638376701542878       2.107167298118614E-002
 Calc obj  8.026484115624748E-004  6.368669771966147E-004
  6.820061627335435E-003  6.253226766386842E-003  5.762310528526658E-003
  5.306159175281943E-003  4.793721784959267E-003  6.930004674871311E-003
  6.701298815452275E-003  6.473254460517928E-003  6.535772544068664E-003
  7.593736973104196E-003  6.642964965955555E-004  8.024493540353423E-004
  3.749634573897495E-002  0.637211183132966     
 Design variables:  8.026484115624748E-004  6.368669771966147E-004
  6.820061627335435E-003  6.253226766386842E-003  5.762310528526658E-003
  5.306159175281943E-003  4.793721784959267E-003  6.930004674871311E-003
  6.701298815452275E-003  6.473254460517928E-003  6.535772544068664E-003
  7.593736973104196E-003  6.642964965955555E-004  8.024493540353423E-004
  3.749634573897495E-002  0.637211183132966     
 Mean drag value and variance:  4.496880391006648E-003  8.047045585969311E-008
    5  0.4496961E-02  0.1304598E-01  0.6981832E-02  0.2627225E-01  0.9304150E-05
 Calc con  3.008635228090405E-004  1.237756592636221E-004
  8.593194494115096E-003  8.172741208869171E-003  7.739051910012638E-003
  7.304330321748585E-003  6.782592195749861E-003  9.820622712065330E-003
  8.548366418166621E-003  7.851002451225480E-003  8.427618438888115E-003
  9.218493738116741E-003  1.786189105954671E-004  2.782870880959794E-004
  3.179549852484041E-002  0.632558591202457     
 Design variables:  3.008635228090405E-004  1.237756592636221E-004
  8.593194494115096E-003  8.172741208869171E-003  7.739051910012638E-003
  7.304330321748585E-003  6.782592195749861E-003  9.820622712065330E-003
  8.548366418166621E-003  7.851002451225480E-003  8.427618438888115E-003
  9.218493738116741E-003  1.786189105954671E-004  2.782870880959794E-004
  3.179549852484041E-002  0.632558591202457     
 Constraint value, mean lift and its standard deviation: -1.933932017613813E-003
  0.644019953863823       2.104301092310479E-002
 Calc obj  3.008635228090405E-004  1.237756592636221E-004
  8.593194494115096E-003  8.172741208869171E-003  7.739051910012638E-003
  7.304330321748585E-003  6.782592195749861E-003  9.820622712065330E-003
  8.548366418166621E-003  7.851002451225480E-003  8.427618438888115E-003
  9.218493738116741E-003  1.786189105954671E-004  2.782870880959794E-004
  3.179549852484041E-002  0.632558591202457     
 Design variables:  3.008635228090405E-004  1.237756592636221E-004
  8.593194494115096E-003  8.172741208869171E-003  7.739051910012638E-003
  7.304330321748585E-003  6.782592195749861E-003  9.820622712065330E-003
  8.548366418166621E-003  7.851002451225480E-003  8.427618438888115E-003
  9.218493738116741E-003  1.786189105954671E-004  2.782870880959794E-004
  3.179549852484041E-002  0.632558591202457     
 Mean drag value and variance:  4.663202271155109E-003  1.349963695213185E-007
    6  0.4663337E-02  0.5700847E-02  0.4212491E-02  0.1714813E-01  0.5043840E-04
 Calc con  6.830744620650112E-004  4.814279233380128E-004
  9.037435348742195E-003  8.970206757495056E-003  8.910037767802984E-003
  8.843544582249266E-003  8.739680209852742E-003  9.153976601866530E-003
  9.983147827654869E-003  8.732981992362537E-003  8.290180662775582E-003
  8.952325624877468E-003  5.278487457070229E-004  6.631914333746230E-004
  2.930011522681635E-002  0.619429041633081     
 Design variables:  6.830744620650112E-004  4.814279233380128E-004
  9.037435348742195E-003  8.970206757495056E-003  8.910037767802984E-003
  8.843544582249266E-003  8.739680209852742E-003  9.153976601866530E-003
  9.983147827654869E-003  8.732981992362537E-003  8.290180662775582E-003
  8.952325624877468E-003  5.278487457070229E-004  6.631914333746230E-004
  2.930011522681635E-002  0.619429041633081     
 Constraint value, mean lift and its standard deviation: -1.992061691570624E-003
  0.641883120880877       1.994552959465323E-002
 Calc obj  6.830744620650112E-004  4.814279233380128E-004
  9.037435348742195E-003  8.970206757495056E-003  8.910037767802984E-003
  8.843544582249266E-003  8.739680209852742E-003  9.153976601866530E-003
  9.983147827654869E-003  8.732981992362537E-003  8.290180662775582E-003
  8.952325624877468E-003  5.278487457070229E-004  6.631914333746230E-004
  2.930011522681635E-002  0.619429041633081     
 Design variables:  6.830744620650112E-004  4.814279233380128E-004
  9.037435348742195E-003  8.970206757495056E-003  8.910037767802984E-003
  8.843544582249266E-003  8.739680209852742E-003  9.153976601866530E-003
  9.983147827654869E-003  8.732981992362537E-003  8.290180662775582E-003
  8.952325624877468E-003  5.278487457070229E-004  6.631914333746230E-004
  2.930011522681635E-002  0.619429041633081     
 Mean drag value and variance:  4.478963947652323E-003  4.560632902825238E-008
    7  0.4479010E-02  0.1312955E-01  0.1305059E-02  0.3427913E-01  0.2415079E-04
 Calc con  9.898988558035746E-004  8.493889069704562E-004
  9.514316505697756E-003  9.464140080078667E-003  9.429989866470791E-003
  9.408106137491169E-003  9.394858589570428E-003  9.551122030532107E-003
  9.877581179856720E-003  9.538812391334060E-003  9.060567382492378E-003
  9.340043598350891E-003  8.758807739687494E-004  9.830038184837531E-004
  2.670793110796520E-002  0.608996040738116     
 Design variables:  9.898988558035746E-004  8.493889069704562E-004
  9.514316505697756E-003  9.464140080078667E-003  9.429989866470791E-003
  9.408106137491169E-003  9.394858589570428E-003  9.551122030532107E-003
  9.877581179856720E-003  9.538812391334060E-003  9.060567382492378E-003
  9.340043598350891E-003  8.758807739687494E-004  9.830038184837531E-004
  2.670793110796520E-002  0.608996040738116     
 Constraint value, mean lift and its standard deviation:  3.204937402848732E-004
  0.637775275627592       1.904788468393854E-002
 Calc obj  9.898988558035746E-004  8.493889069704562E-004
  9.514316505697756E-003  9.464140080078667E-003  9.429989866470791E-003
  9.408106137491169E-003  9.394858589570428E-003  9.551122030532107E-003
  9.877581179856720E-003  9.538812391334060E-003  9.060567382492378E-003
  9.340043598350891E-003  8.758807739687494E-004  9.830038184837531E-004
  2.670793110796520E-002  0.608996040738116     
 Design variables:  9.898988558035746E-004  8.493889069704562E-004
  9.514316505697756E-003  9.464140080078667E-003  9.429989866470791E-003
  9.408106137491169E-003  9.394858589570428E-003  9.551122030532107E-003
  9.877581179856720E-003  9.538812391334060E-003  9.060567382492378E-003
  9.340043598350891E-003  8.758807739687494E-004  9.830038184837531E-004
  2.670793110796520E-002  0.608996040738116     
 Mean drag value and variance:  4.391295932797326E-003  3.175584190901338E-008
    8  0.4391328E-02  0.1043300E-01  0.1121835E-02  0.1685048E-01  0.4091633E-05
 Calc con  9.241258035978090E-004  8.301883503011576E-004
  9.126968227409150E-003  8.990776618289771E-003  8.869389791065682E-003
  8.763589934937603E-003  8.655360220244037E-003  9.249928005334326E-003
  9.315780110893805E-003  9.189109162603156E-003  9.990615573824925E-003
  9.492150259753598E-003  8.592538551578025E-004  9.229544814102133E-004
  2.851628007625360E-002  0.605126120007376     
 Design variables:  9.241258035978090E-004  8.301883503011576E-004
  9.126968227409150E-003  8.990776618289771E-003  8.869389791065682E-003
  8.763589934937603E-003  8.655360220244037E-003  9.249928005334326E-003
  9.315780110893805E-003  9.189109162603156E-003  9.990615573824925E-003
  9.492150259753598E-003  8.592538551578025E-004  9.229544814102133E-004
  2.851628007625360E-002  0.605126120007376     
 Constraint value, mean lift and its standard deviation: -2.262398992658933E-003
  0.640071968122164       1.890478456475240E-002
 Calc obj  9.241258035978090E-004  8.301883503011576E-004
  9.126968227409150E-003  8.990776618289771E-003  8.869389791065682E-003
  8.763589934937603E-003  8.655360220244037E-003  9.249928005334326E-003
  9.315780110893805E-003  9.189109162603156E-003  9.990615573824925E-003
  9.492150259753598E-003  8.592538551578025E-004  9.229544814102133E-004
  2.851628007625360E-002  0.605126120007376     
 Design variables:  9.241258035978090E-004  8.301883503011576E-004
  9.126968227409150E-003  8.990776618289771E-003  8.869389791065682E-003
  8.763589934937603E-003  8.655360220244037E-003  9.249928005334326E-003
  9.315780110893805E-003  9.189109162603156E-003  9.990615573824925E-003
  9.492150259753598E-003  8.592538551578025E-004  9.229544814102133E-004
  2.851628007625360E-002  0.605126120007376     
 Mean drag value and variance:  4.393826250889035E-003  3.055574698087977E-008
    9  0.4393857E-02  0.3887166E-02  0.1493781E-03  0.8373806E-02  0.1677137E-04
 Calc con  1.016058462413546E-003  9.286909554512414E-004
  9.417157014659500E-003  9.327158368182341E-003  9.250242334718261E-003
  9.186788977335788E-003  9.123370625812569E-003  9.325850001180424E-003
  9.438044417225306E-003  9.473422628552950E-003  9.703492674127260E-003
  9.621173226850337E-003  9.551422203836227E-004  1.010807042997939E-003
  2.769014699423785E-002  0.600042915220575     
 Design variables:  1.016058462413546E-003  9.286909554512414E-004
  9.417157014659500E-003  9.327158368182341E-003  9.250242334718261E-003
  9.186788977335788E-003  9.123370625812569E-003  9.325850001180424E-003
  9.438044417225306E-003  9.473422628552950E-003  9.703492674127260E-003
  9.621173226850337E-003  9.551422203836227E-004  1.010807042997939E-003
  2.769014699423785E-002  0.600042915220575     
 Constraint value, mean lift and its standard deviation: -8.261794845072640E-004
  0.637964596313913       1.856920841470299E-002
 Calc obj  1.016058462413546E-003  9.286909554512414E-004
  9.417157014659500E-003  9.327158368182341E-003  9.250242334718261E-003
  9.186788977335788E-003  9.123370625812569E-003  9.325850001180424E-003
  9.438044417225306E-003  9.473422628552950E-003  9.703492674127260E-003
  9.621173226850337E-003  9.551422203836227E-004  1.010807042997939E-003
  2.769014699423785E-002  0.600042915220575     
 Design variables:  1.016058462413546E-003  9.286909554512414E-004
  9.417157014659500E-003  9.327158368182341E-003  9.250242334718261E-003
  9.186788977335788E-003  9.123370625812569E-003  9.325850001180424E-003
  9.438044417225306E-003  9.473422628552950E-003  9.703492674127260E-003
  9.621173226850337E-003  9.551422203836227E-004  1.010807042997939E-003
  2.769014699423785E-002  0.600042915220575     
 Mean drag value and variance:  4.345576873818880E-003  2.763304380170659E-008
   10  0.4345605E-02  0.5119272E-02  0.3025230E-03  0.1898761E-02  0.7832005E-05
 Calc con  1.181685879106994E-003  1.143295155730252E-003
  9.853849997290415E-003  9.825550804273967E-003  9.800769136613241E-003
  9.781673370549438E-003  9.766344797359121E-003  9.998318347260631E-003
  9.893198401635935E-003  9.826516717957498E-003  9.853619811834736E-003
  9.863426612406854E-003  1.153220599725200E-003  1.180036650317551E-003
  2.487098260210568E-002  0.600456223885298     
 Design variables:  1.181685879106994E-003  1.143295155730252E-003
  9.853849997290415E-003  9.825550804273967E-003  9.800769136613241E-003
  9.781673370549438E-003  9.766344797359121E-003  9.998318347260631E-003
  9.893198401635935E-003  9.826516717957498E-003  9.853619811834736E-003
  9.863426612406854E-003  1.153220599725200E-003  1.180036650317551E-003
  2.487098260210568E-002  0.600456223885298     
 Constraint value, mean lift and its standard deviation:  8.557586201806897E-004
  0.636178368727179       1.851706367367993E-002
 Calc obj  1.181685879106994E-003  1.143295155730252E-003
  9.853849997290415E-003  9.825550804273967E-003  9.800769136613241E-003
  9.781673370549438E-003  9.766344797359121E-003  9.998318347260631E-003
  9.893198401635935E-003  9.826516717957498E-003  9.853619811834736E-003
  9.863426612406854E-003  1.153220599725200E-003  1.180036650317551E-003
  2.487098260210568E-002  0.600456223885298     
 Design variables:  1.181685879106994E-003  1.143295155730252E-003
  9.853849997290415E-003  9.825550804273967E-003  9.800769136613241E-003
  9.781673370549438E-003  9.766344797359121E-003  9.998318347260631E-003
  9.893198401635935E-003  9.826516717957498E-003  9.853619811834736E-003
  9.863426612406854E-003  1.153220599725200E-003  1.180036650317551E-003
  2.487098260210568E-002  0.600456223885298     
 Mean drag value and variance:  4.355785966135979E-003  2.739178474230473E-008
 Calc con  1.182565398088634E-003  1.144446215550529E-003
  9.856227345707449E-003  9.828371771891544E-003  9.803956548533437E-003
  9.785093628058510E-003  9.769848143993272E-003  9.991985861006147E-003
  9.893691551170019E-003  9.831236719635705E-003  9.857076204694962E-003
  9.866845207957942E-003  1.154338058924610E-003  1.180891863267563E-003
  2.498723561434094E-002  0.600456424363242     
 Design variables:  1.182565398088634E-003  1.144446215550529E-003
  9.856227345707449E-003  9.828371771891544E-003  9.803956548533437E-003
  9.785093628058510E-003  9.769848143993272E-003  9.991985861006147E-003
  9.893691551170019E-003  9.831236719635705E-003  9.857076204694962E-003
  9.866845207957942E-003  1.154338058924610E-003  1.180891863267563E-003
  2.498723561434094E-002  0.600456424363242     
 Constraint value, mean lift and its standard deviation: -3.464704131112273E-004
  0.637323090744442       1.848831016566542E-002
 Calc obj  1.182565398088634E-003  1.144446215550529E-003
  9.856227345707449E-003  9.828371771891544E-003  9.803956548533437E-003
  9.785093628058510E-003  9.769848143993272E-003  9.991985861006147E-003
  9.893691551170019E-003  9.831236719635705E-003  9.857076204694962E-003
  9.866845207957942E-003  1.154338058924610E-003  1.180891863267563E-003
  2.498723561434094E-002  0.600456424363242     
 Design variables:  1.182565398088634E-003  1.144446215550529E-003
  9.856227345707449E-003  9.828371771891544E-003  9.803956548533437E-003
  9.785093628058510E-003  9.769848143993272E-003  9.991985861006147E-003
  9.893691551170019E-003  9.831236719635705E-003  9.857076204694962E-003
  9.866845207957942E-003  1.154338058924610E-003  1.180891863267563E-003
  2.498723561434094E-002  0.600456424363242     
 Mean drag value and variance:  4.364411057864881E-003  2.787887004693069E-008
   11  0.4364439E-02  0.2819164E-02  0.7964942E-04  0.2198362E-02  0.1774450E-05
 Calc con  1.235126279751806E-003  1.227847531168996E-003
  9.967103477094695E-003  9.961436414288583E-003  9.956477771787936E-003
  9.952404687186908E-003  9.948479835515870E-003  9.973961317966898E-003
  9.967615469553548E-003  9.967619228913347E-003  9.975560231716160E-003
  9.975529555776635E-003  1.230373699827936E-003  1.234952858799249E-003
  2.424199034201755E-002  0.600001457053882     
 Design variables:  1.235126279751806E-003  1.227847531168996E-003
  9.967103477094695E-003  9.961436414288583E-003  9.956477771787936E-003
  9.952404687186908E-003  9.948479835515870E-003  9.973961317966898E-003
  9.967615469553548E-003  9.967619228913347E-003  9.975560231716160E-003
  9.975529555776635E-003  1.230373699827936E-003  1.234952858799249E-003
  2.424199034201755E-002  0.600001457053882     
 Constraint value, mean lift and its standard deviation:  2.940551868413216E-004
  0.636757927048340       1.852599111759084E-002
 Calc obj  1.235126279751806E-003  1.227847531168996E-003
  9.967103477094695E-003  9.961436414288583E-003  9.956477771787936E-003
  9.952404687186908E-003  9.948479835515870E-003  9.973961317966898E-003
  9.967615469553548E-003  9.967619228913347E-003  9.975560231716160E-003
  9.975529555776635E-003  1.230373699827936E-003  1.234952858799249E-003
  2.424199034201755E-002  0.600001457053882     
 Design variables:  1.235126279751806E-003  1.227847531168996E-003
  9.967103477094695E-003  9.961436414288583E-003  9.956477771787936E-003
  9.952404687186908E-003  9.948479835515870E-003  9.973961317966898E-003
  9.967615469553548E-003  9.967619228913347E-003  9.975560231716160E-003
  9.975529555776635E-003  1.230373699827936E-003  1.234952858799249E-003
  2.424199034201755E-002  0.600001457053882     
 Mean drag value and variance:  4.358016176187855E-003  2.720843297119826E-008
 Calc con  1.235225346745414E-003  1.227983905622774E-003
  9.967322027268495E-003  9.961698494904345E-003  9.956780341238713E-003
  9.952741495707558E-003  9.948843108303343E-003  9.973936104909905E-003
  9.967655675139072E-003  9.968265730532583E-003  9.976197811059243E-003
  9.976029666191750E-003  1.230505100380093E-003  1.235045592622924E-003
  2.427942559719888E-002  0.600002955882257     
 Design variables:  1.235225346745414E-003  1.227983905622774E-003
  9.967322027268495E-003  9.961698494904345E-003  9.956780341238713E-003
  9.952741495707558E-003  9.948843108303343E-003  9.973936104909905E-003
  9.967655675139072E-003  9.968265730532583E-003  9.976197811059243E-003
  9.976029666191750E-003  1.230505100380093E-003  1.235045592622924E-003
  2.427942559719888E-002  0.600002955882257     
 Constraint value, mean lift and its standard deviation: -3.027326755810494E-005
  0.637143108278477       1.855641750545967E-002
 Calc obj  1.235225346745414E-003  1.227983905622774E-003
  9.967322027268495E-003  9.961698494904345E-003  9.956780341238713E-003
  9.952741495707558E-003  9.948843108303343E-003  9.973936104909905E-003
  9.967655675139072E-003  9.968265730532583E-003  9.976197811059243E-003
  9.976029666191750E-003  1.230505100380093E-003  1.235045592622924E-003
  2.427942559719888E-002  0.600002955882257     
 Design variables:  1.235225346745414E-003  1.227983905622774E-003
  9.967322027268495E-003  9.961698494904345E-003  9.956780341238713E-003
  9.952741495707558E-003  9.948843108303343E-003  9.973936104909905E-003
  9.967655675139072E-003  9.968265730532583E-003  9.976197811059243E-003
  9.976029666191750E-003  1.230505100380093E-003  1.235045592622924E-003
  2.427942559719888E-002  0.600002955882257     
 Mean drag value and variance:  4.361131955778927E-003  2.742531917723824E-008
   12  0.4361159E-02  0.7452453E-03  0.2408446E-04  0.1855315E-02  0.3742556E-06
 Calc con  1.249268633740585E-003  1.248857919614398E-003
  9.998216790859101E-003  9.997952320913030E-003  9.997751105613149E-003
  9.997618268298923E-003  9.997515616506402E-003  9.995691086046178E-003
  9.997844511741905E-003  9.999783382962053E-003  9.999492724568647E-003
  9.999503588305987E-003  1.249002201681804E-003  1.249224618018367E-003
  2.406636190993186E-002  0.600008009897988     
 Design variables:  1.249268633740585E-003  1.248857919614398E-003
  9.998216790859101E-003  9.997952320913030E-003  9.997751105613149E-003
  9.997618268298923E-003  9.997515616506402E-003  9.995691086046178E-003
  9.997844511741905E-003  9.999783382962053E-003  9.999492724568647E-003
  9.999503588305987E-003  1.249002201681804E-003  1.249224618018367E-003
  2.406636190993186E-002  0.600008009897988     
 Constraint value, mean lift and its standard deviation: -2.320631403342904E-005
  0.637010369062036       1.849358137400130E-002
 Calc obj  1.249268633740585E-003  1.248857919614398E-003
  9.998216790859101E-003  9.997952320913030E-003  9.997751105613149E-003
  9.997618268298923E-003  9.997515616506402E-003  9.995691086046178E-003
  9.997844511741905E-003  9.999783382962053E-003  9.999492724568647E-003
  9.999503588305987E-003  1.249002201681804E-003  1.249224618018367E-003
  2.406636190993186E-002  0.600008009897988     
 Design variables:  1.249268633740585E-003  1.248857919614398E-003
  9.998216790859101E-003  9.997952320913030E-003  9.997751105613149E-003
  9.997618268298923E-003  9.997515616506402E-003  9.995691086046178E-003
  9.997844511741905E-003  9.999783382962053E-003  9.999492724568647E-003
  9.999503588305987E-003  1.249002201681804E-003  1.249224618018367E-003
  2.406636190993186E-002  0.600008009897988     
 Mean drag value and variance:  4.361614371000360E-003  2.743760018818358E-008
   13  0.4361642E-02  0.2130637E-03  0.1862034E-04  0.6984445E-03  0.4404027E-07
 Calc con  1.250002958571794E-003  1.250000145463292E-003
  9.999994954185441E-003  9.999992324125778E-003  9.999989413972364E-003
  9.999986193821210E-003  9.999982307259542E-003  9.999973075472781E-003
  1.000000054001704E-002  9.999971101935444E-003  9.999984261593936E-003
  9.999986463484292E-003  1.250000703423380E-003  1.250003062161115E-003
  2.405327053239590E-002  0.600000456629557     
 Design variables:  1.250002958571794E-003  1.250000145463292E-003
  9.999994954185441E-003  9.999992324125778E-003  9.999989413972364E-003
  9.999986193821210E-003  9.999982307259542E-003  9.999973075472781E-003
  1.000000054001704E-002  9.999971101935444E-003  9.999984261593936E-003
  9.999986463484292E-003  1.250000703423380E-003  1.250003062161115E-003
  2.405327053239590E-002  0.600000456629557     
 Constraint value, mean lift and its standard deviation:  4.542205791472492E-005
  0.636962875448003       1.850414875295866E-002
 Calc obj  1.250002958571794E-003  1.250000145463292E-003
  9.999994954185441E-003  9.999992324125778E-003  9.999989413972364E-003
  9.999986193821210E-003  9.999982307259542E-003  9.999973075472781E-003
  1.000000054001704E-002  9.999971101935444E-003  9.999984261593936E-003
  9.999986463484292E-003  1.250000703423380E-003  1.250003062161115E-003
  2.405327053239590E-002  0.600000456629557     
 Design variables:  1.250002958571794E-003  1.250000145463292E-003
  9.999994954185441E-003  9.999992324125778E-003  9.999989413972364E-003
  9.999986193821210E-003  9.999982307259542E-003  9.999973075472781E-003
  1.000000054001704E-002  9.999971101935444E-003  9.999984261593936E-003
  9.999986463484292E-003  1.250000703423380E-003  1.250003062161115E-003
  2.405327053239590E-002  0.600000456629557     
 Mean drag value and variance:  4.361558909268716E-003  2.757155659649681E-008
   14  0.4361586E-02  0.1309138E-04  0.4546237E-04  0.4442540E-03  0.7508201E-09
 
 The solution was found.
 
 The final value of the objective function is   4.361586480825313E-003
 
 The optimal values of X are:
 
 X  (           1 ) =   1.250000000000000E-003
 X  (           2 ) =   1.250000000000000E-003
 X  (           3 ) =   9.999994954185441E-003
 X  (           4 ) =   9.999992324125778E-003
 X  (           5 ) =   9.999989413972364E-003
 X  (           6 ) =   9.999986193821210E-003
 X  (           7 ) =   9.999982307259542E-003
 X  (           8 ) =   9.999973075472781E-003
 X  (           9 ) =   1.000000000000000E-002
 X  (          10 ) =   9.999971101935444E-003
 X  (          11 ) =   9.999984261593936E-003
 X  (          12 ) =   9.999986463484292E-003
 X  (          13 ) =   1.250000000000000E-003
 X  (          14 ) =   1.250000000000000E-003
 X  (          15 ) =    1.37815088499268     
 X  (          16 ) =   0.600000456629557     
 
 The multipliers for the equality constraints are:
 
 LAM(           1 ) =   7.720624831930545E-003
 
Mean drag, variance, SD, CV:       0.0044       0.0000       0.0002       0.0381
