           1  0.903269016756258        9.49933868839146     
           2  0.804051544851044        6.40965230996131     
           3  0.602052657447560        4.11666088852263     
           4  0.501866158189287        3.55509987052870     
           5  0.399694860583434        3.13641664995168     
           6  0.301158507701292        2.80453477621158     
           7  0.205346444050076        2.49058010440904     
           8  0.202450889381161        4.10468257032463     
           9  0.301538478396521        4.71695012299155     
          10  0.402014946835827        5.16953335950416     
          11  0.504570952907477        5.51083497296857     
          12  0.604736568670243        5.80065572726344     
          13  0.803383624472688        7.00322825015424     
          14  0.901823325566936        9.26758985318683     
          15   9.22193526806426     
          16   1.06281003269184     
