 >> Number of Processors =   1
 Calc con  0.000000000000000E+000  0.000000000000000E+000
  0.000000000000000E+000  0.000000000000000E+000  0.000000000000000E+000
  0.000000000000000E+000  0.000000000000000E+000  0.000000000000000E+000
  0.000000000000000E+000  0.000000000000000E+000  0.000000000000000E+000
  0.000000000000000E+000  0.000000000000000E+000  0.000000000000000E+000
  3.490658503988659E-002  0.650000000000000     
 Design variables:  0.000000000000000E+000  0.000000000000000E+000
  0.000000000000000E+000  0.000000000000000E+000  0.000000000000000E+000
  0.000000000000000E+000  0.000000000000000E+000  0.000000000000000E+000
  0.000000000000000E+000  0.000000000000000E+000  0.000000000000000E+000
  0.000000000000000E+000  0.000000000000000E+000  0.000000000000000E+000
  3.490658503988659E-002  0.650000000000000     
 Constraint value, mean lift and its standard deviation:  0.293137594537765     
  0.324410057256395       1.754765179415981E-002
 Calc obj  0.000000000000000E+000  0.000000000000000E+000
  0.000000000000000E+000  0.000000000000000E+000  0.000000000000000E+000
  0.000000000000000E+000  0.000000000000000E+000  0.000000000000000E+000
  0.000000000000000E+000  0.000000000000000E+000  0.000000000000000E+000
  0.000000000000000E+000  0.000000000000000E+000  0.000000000000000E+000
  3.490658503988659E-002  0.650000000000000     
 Design variables:  0.000000000000000E+000  0.000000000000000E+000
  0.000000000000000E+000  0.000000000000000E+000  0.000000000000000E+000
  0.000000000000000E+000  0.000000000000000E+000  0.000000000000000E+000
  0.000000000000000E+000  0.000000000000000E+000  0.000000000000000E+000
  0.000000000000000E+000  0.000000000000000E+000  0.000000000000000E+000
  3.490658503988659E-002  0.650000000000000     
 Mean drag value and variance:  2.614985030680375E-003  1.178676237470332E-008
 
 iter    objective      ||grad||        inf_pr          inf_du         lg(mu)
    0  0.2614997E-02  0.0000000E+00  0.3031376E+00  0.9956138E+00  0.1000000E+01
 Calc con  7.640529158878179E-004  5.430210950987017E-004
  3.067669456561191E-003  2.726270959742292E-003  2.432829817754142E-003
  2.159197646160862E-003  1.866924270592754E-003  2.403945496927277E-003
  2.617453049655821E-003  2.797574003423729E-003  3.004352695821350E-003
  3.282781408928358E-003  5.588311799566893E-004  7.698468910463883E-004
  5.425610374890812E-002  0.663205186175483     
 Design variables:  7.640529158878179E-004  5.430210950987017E-004
  3.067669456561191E-003  2.726270959742292E-003  2.432829817754142E-003
  2.159197646160862E-003  1.866924270592754E-003  2.403945496927277E-003
  2.617453049655821E-003  2.797574003423729E-003  3.004352695821350E-003
  3.282781408928358E-003  5.588311799566893E-004  7.698468910463883E-004
  5.425610374890812E-002  0.663205186175483     
 Constraint value, mean lift and its standard deviation: -4.516132396833404E-002
  0.666517866469819       2.135654250148524E-002
 Calc obj  7.640529158878179E-004  5.430210950987017E-004
  3.067669456561191E-003  2.726270959742292E-003  2.432829817754142E-003
  2.159197646160862E-003  1.866924270592754E-003  2.403945496927277E-003
  2.617453049655821E-003  2.797574003423729E-003  3.004352695821350E-003
  3.282781408928358E-003  5.588311799566893E-004  7.698468910463883E-004
  5.425610374890812E-002  0.663205186175483     
 Design variables:  7.640529158878179E-004  5.430210950987017E-004
  3.067669456561191E-003  2.726270959742292E-003  2.432829817754142E-003
  2.159197646160862E-003  1.866924270592754E-003  2.403945496927277E-003
  2.617453049655821E-003  2.797574003423729E-003  3.004352695821350E-003
  3.282781408928358E-003  5.588311799566893E-004  7.698468910463883E-004
  5.425610374890812E-002  0.663205186175483     
 Mean drag value and variance:  6.684574833507691E-003  2.626327856006664E-006
    1  0.6687201E-02  0.2443898E-01  0.1072235E-01  0.6197997E+00  0.2569640E-01
 Calc con  7.096021456551968E-004  5.050231335942506E-004
  3.050698343969880E-003  2.724501096929582E-003  2.444449025306931E-003
  2.182354390217083E-003  1.899550815369755E-003  1.817725754055120E-003
  2.428725828799402E-003  3.023747115678210E-003  3.386821813025513E-003
  3.528298596158469E-003  5.198921938857723E-004  7.150047156854085E-004
  5.423748422356162E-002  0.657686055527084     
 Design variables:  7.096021456551968E-004  5.050231335942506E-004
  3.050698343969880E-003  2.724501096929582E-003  2.444449025306931E-003
  2.182354390217083E-003  1.899550815369755E-003  1.817725754055120E-003
  2.428725828799402E-003  3.023747115678210E-003  3.386821813025513E-003
  3.528298596158469E-003  5.198921938857723E-004  7.150047156854085E-004
  5.423748422356162E-002  0.657686055527084     
 Constraint value, mean lift and its standard deviation: -3.799448901309209E-002
  0.659294141063172       2.129965205008012E-002
 Calc obj  7.096021456551968E-004  5.050231335942506E-004
  3.050698343969880E-003  2.724501096929582E-003  2.444449025306931E-003
  2.182354390217083E-003  1.899550815369755E-003  1.817725754055120E-003
  2.428725828799402E-003  3.023747115678210E-003  3.386821813025513E-003
  3.528298596158469E-003  5.198921938857723E-004  7.150047156854085E-004
  5.423748422356162E-002  0.657686055527084     
 Design variables:  7.096021456551968E-004  5.050231335942506E-004
  3.050698343969880E-003  2.724501096929582E-003  2.444449025306931E-003
  2.182354390217083E-003  1.899550815369755E-003  1.817725754055120E-003
  2.428725828799402E-003  3.023747115678210E-003  3.386821813025513E-003
  3.528298596158469E-003  5.198921938857723E-004  7.150047156854085E-004
  5.423748422356162E-002  0.657686055527084     
 Mean drag value and variance:  5.680892698339062E-003  1.197235988264895E-006
    2  0.5682090E-02  0.5519131E-02  0.1765954E-02  0.8611314E-01  0.2011375E-02
 Calc con  6.078447151272970E-004  4.350639269554396E-004
  3.447036487359067E-003  3.108128968738698E-003  2.818731634387732E-003
  2.547599140084070E-003  2.249759562002841E-003  1.559929647460955E-003
  4.201813671346493E-003  5.010235465000170E-003  4.627695961298167E-003
  4.020307959111064E-003  4.484754124689190E-004  6.130759999866203E-004
  5.134922580433855E-002  0.648309336446377     
 Design variables:  6.078447151272970E-004  4.350639269554396E-004
  3.447036487359067E-003  3.108128968738698E-003  2.818731634387732E-003
  2.547599140084070E-003  2.249759562002841E-003  1.559929647460955E-003
  4.201813671346493E-003  5.010235465000170E-003  4.627695961298167E-003
  4.020307959111064E-003  4.484754124689190E-004  6.130759999866203E-004
  5.134922580433855E-002  0.648309336446377     
 Constraint value, mean lift and its standard deviation: -2.898430451970882E-002
  0.650783802512957       2.179949799324829E-002
 Calc obj  6.078447151272970E-004  4.350639269554396E-004
  3.447036487359067E-003  3.108128968738698E-003  2.818731634387732E-003
  2.547599140084070E-003  2.249759562002841E-003  1.559929647460955E-003
  4.201813671346493E-003  5.010235465000170E-003  4.627695961298167E-003
  4.020307959111064E-003  4.484754124689190E-004  6.130759999866203E-004
  5.134922580433855E-002  0.648309336446377     
 Design variables:  6.078447151272970E-004  4.350639269554396E-004
  3.447036487359067E-003  3.108128968738698E-003  2.818731634387732E-003
  2.547599140084070E-003  2.249759562002841E-003  1.559929647460955E-003
  4.201813671346493E-003  5.010235465000170E-003  4.627695961298167E-003
  4.020307959111064E-003  4.484754124689190E-004  6.130759999866203E-004
  5.134922580433855E-002  0.648309336446377     
 Mean drag value and variance:  4.850934221473320E-003  2.141188245288686E-007
    3  0.4851148E-02  0.9376719E-02  0.3382840E-02  0.7620484E-01  0.3927640E-03
 Calc con  6.214199807395520E-004  4.490417513346373E-004
  4.067300378965700E-003  3.660483041703465E-003  3.312622617581025E-003
  2.989151509648441E-003  2.636514375944114E-003  2.140740614427527E-003
  4.099761831990340E-003  4.938666130813841E-003  4.862574820676292E-003
  4.702814973216621E-003  4.662137617605398E-004  6.257895821893048E-004
  4.914483332042582E-002  0.644082590728976     
 Design variables:  6.214199807395520E-004  4.490417513346373E-004
  4.067300378965700E-003  3.660483041703465E-003  3.312622617581025E-003
  2.989151509648441E-003  2.636514375944114E-003  2.140740614427527E-003
  4.099761831990340E-003  4.938666130813841E-003  4.862574820676292E-003
  4.702814973216621E-003  4.662137617605398E-004  6.257895821893048E-004
  4.914483332042582E-002  0.644082590728976     
 Constraint value, mean lift and its standard deviation: -1.918320165265219E-002
  0.640531052010031       2.134785035737863E-002
 Calc obj  6.214199807395520E-004  4.490417513346373E-004
  4.067300378965700E-003  3.660483041703465E-003  3.312622617581025E-003
  2.989151509648441E-003  2.636514375944114E-003  2.140740614427527E-003
  4.099761831990340E-003  4.938666130813841E-003  4.862574820676292E-003
  4.702814973216621E-003  4.662137617605398E-004  6.257895821893048E-004
  4.914483332042582E-002  0.644082590728976     
 Design variables:  6.214199807395520E-004  4.490417513346373E-004
  4.067300378965700E-003  3.660483041703465E-003  3.312622617581025E-003
  2.989151509648441E-003  2.636514375944114E-003  2.140740614427527E-003
  4.099761831990340E-003  4.938666130813841E-003  4.862574820676292E-003
  4.702814973216621E-003  4.662137617605398E-004  6.257895821893048E-004
  4.914483332042582E-002  0.644082590728976     
 Mean drag value and variance:  4.658221307780611E-003  1.318149723804362E-007
    4  0.4658353E-02  0.1261540E-01  0.5685412E-03  0.5436446E-01  0.2852724E-04
 Calc con -6.857385228684478E-004 -7.365392794641842E-004
  6.674655566494777E-003  6.616524886534655E-003  6.558930282655766E-003
  6.486080765960068E-003  6.345642111157271E-003  7.791763517600241E-003
  7.685802094053420E-003  9.949396561308138E-003  8.283621619042430E-003
  7.838209567420470E-003 -6.907621982334206E-004 -6.905478085859734E-004
  4.059168567000715E-002  0.612240702224180     
 Design variables: -6.857385228684478E-004 -7.365392794641842E-004
  6.674655566494777E-003  6.616524886534655E-003  6.558930282655766E-003
  6.486080765960068E-003  6.345642111157271E-003  7.791763517600241E-003
  7.685802094053420E-003  9.949396561308138E-003  8.283621619042430E-003
  7.838209567420470E-003 -6.907621982334206E-004 -6.905478085859734E-004
  4.059168567000715E-002  0.612240702224180     
 Constraint value, mean lift and its standard deviation: -1.974013427250357E-002
  0.639301306221134       1.956117194863013E-002
 Calc obj -6.857385228684478E-004 -7.365392794641842E-004
  6.674655566494777E-003  6.616524886534655E-003  6.558930282655766E-003
  6.486080765960068E-003  6.345642111157271E-003  7.791763517600241E-003
  7.685802094053420E-003  9.949396561308138E-003  8.283621619042430E-003
  7.838209567420470E-003 -6.907621982334206E-004 -6.905478085859734E-004
  4.059168567000715E-002  0.612240702224180     
 Design variables: -6.857385228684478E-004 -7.365392794641842E-004
  6.674655566494777E-003  6.616524886534655E-003  6.558930282655766E-003
  6.486080765960068E-003  6.345642111157271E-003  7.791763517600241E-003
  7.685802094053420E-003  9.949396561308138E-003  8.283621619042430E-003
  7.838209567420470E-003 -6.907621982334206E-004 -6.905478085859734E-004
  4.059168567000715E-002  0.612240702224180     
 Mean drag value and variance:  4.537325311587223E-003  4.242632479035797E-008
 Calc con -6.819734725044855E-004 -7.331016109916578E-004
  6.670918159587953E-003  6.612046047929862E-003  6.553786989630755E-003
  6.480319449074160E-003  6.339302852575645E-003  7.781986893662830E-003
  7.688722932524380E-003  9.949396561308138E-003  8.279148790614642E-003
  7.833311545812367E-003 -6.873971201772623E-004 -6.867603963150200E-004
  4.074101949812878E-002  0.612417337440490     
 Design variables: -6.819734725044855E-004 -7.331016109916578E-004
  6.670918159587953E-003  6.612046047929862E-003  6.553786989630755E-003
  6.480319449074160E-003  6.339302852575645E-003  7.781986893662830E-003
  7.688722932524380E-003  9.949396561308138E-003  8.279148790614642E-003
  7.833311545812367E-003 -6.873971201772623E-004 -6.867603963150200E-004
  4.074101949812878E-002  0.612417337440490     
 Constraint value, mean lift and its standard deviation: -2.122651437824056E-002
  0.640787940289685       1.956142591144435E-002
 Calc obj -6.819734725044855E-004 -7.331016109916578E-004
  6.670918159587953E-003  6.612046047929862E-003  6.553786989630755E-003
  6.480319449074160E-003  6.339302852575645E-003  7.781986893662830E-003
  7.688722932524380E-003  9.949396561308138E-003  8.279148790614642E-003
  7.833311545812367E-003 -6.873971201772623E-004 -6.867603963150200E-004
  4.074101949812878E-002  0.612417337440490     
 Design variables: -6.819734725044855E-004 -7.331016109916578E-004
  6.670918159587953E-003  6.612046047929862E-003  6.553786989630755E-003
  6.480319449074160E-003  6.339302852575645E-003  7.781986893662830E-003
  7.688722932524380E-003  9.949396561308138E-003  8.279148790614642E-003
  7.833311545812367E-003 -6.873971201772623E-004 -6.867603963150200E-004
  4.074101949812878E-002  0.612417337440490     
 Mean drag value and variance:  4.548266226692659E-003  4.064143787943148E-008
 Calc con -6.818656110767256E-004 -7.330031284233584E-004
  6.670811090092108E-003  6.611917737846586E-003  6.553639644210510E-003
  6.480154398462867E-003  6.339121245049985E-003  7.781706812253215E-003
  7.688806608911046E-003  9.949396561308138E-003  8.279020652711057E-003
  7.833171226944709E-003 -6.873007171843199E-004 -6.866518942617743E-004
  4.074529762415125E-002  0.612422397698597     
 Design variables: -6.818656110767256E-004 -7.330031284233584E-004
  6.670811090092108E-003  6.611917737846586E-003  6.553639644210510E-003
  6.480154398462867E-003  6.339121245049985E-003  7.781706812253215E-003
  7.688806608911046E-003  9.949396561308138E-003  8.279020652711057E-003
  7.833171226944709E-003 -6.873007171843199E-004 -6.866518942617743E-004
  4.074529762415125E-002  0.612422397698597     
 Constraint value, mean lift and its standard deviation: -2.132779756386506E-002
  0.640860458749163       1.953266118529816E-002
 Calc obj -6.818656110767256E-004 -7.330031284233584E-004
  6.670811090092108E-003  6.611917737846586E-003  6.553639644210510E-003
  6.480154398462867E-003  6.339121245049985E-003  7.781706812253215E-003
  7.688806608911046E-003  9.949396561308138E-003  8.279020652711057E-003
  7.833171226944709E-003 -6.873007171843199E-004 -6.866518942617743E-004
  4.074529762415125E-002  0.612422397698597     
 Design variables: -6.818656110767256E-004 -7.330031284233584E-004
  6.670811090092108E-003  6.611917737846586E-003  6.553639644210510E-003
  6.480154398462867E-003  6.339121245049985E-003  7.781706812253215E-003
  7.688806608911046E-003  9.949396561308138E-003  8.279020652711057E-003
  7.833171226944709E-003 -6.873007171843199E-004 -6.866518942617743E-004
  4.074529762415125E-002  0.612422397698597     
 Mean drag value and variance:  4.546336419167582E-003  3.858222235390480E-008
 Calc con -6.819227292808517E-004 -7.330552800363659E-004
  6.670867788927329E-003  6.611985684671323E-003  6.553717671230599E-003
  6.480241801297252E-003  6.339217415626777E-003  7.781855129844205E-003
  7.688762297936922E-003  9.949396561308138E-003  8.279088508357743E-003
  7.833245533041816E-003 -6.873517675546292E-004 -6.867093517102255E-004
  4.074303213517615E-002  0.612419718030234     
 Design variables: -6.819227292808517E-004 -7.330552800363659E-004
  6.670867788927329E-003  6.611985684671323E-003  6.553717671230599E-003
  6.480241801297252E-003  6.339217415626777E-003  7.781855129844205E-003
  7.688762297936922E-003  9.949396561308138E-003  8.279088508357743E-003
  7.833245533041816E-003 -6.873517675546292E-004 -6.867093517102255E-004
  4.074303213517615E-002  0.612419718030234     
 Constraint value, mean lift and its standard deviation: -2.134825187786184E-002
  0.640800439370445       1.945218749258291E-002
 Calc obj -6.819227292808517E-004 -7.330552800363659E-004
  6.670867788927329E-003  6.611985684671323E-003  6.553717671230599E-003
  6.480241801297252E-003  6.339217415626777E-003  7.781855129844205E-003
  7.688762297936922E-003  9.949396561308138E-003  8.279088508357743E-003
  7.833245533041816E-003 -6.873517675546292E-004 -6.867093517102255E-004
  4.074303213517615E-002  0.612419718030234     
 Design variables: -6.819227292808517E-004 -7.330552800363659E-004
  6.670867788927329E-003  6.611985684671323E-003  6.553717671230599E-003
  6.480241801297252E-003  6.339217415626777E-003  7.781855129844205E-003
  7.688762297936922E-003  9.949396561308138E-003  8.279088508357743E-003
  7.833245533041816E-003 -6.873517675546292E-004 -6.867093517102255E-004
  4.074303213517615E-002  0.612419718030234     
 Mean drag value and variance:  4.549531845707380E-003  4.142065402897943E-008
 Calc con -3.215927106444793E-005 -1.437487640647735E-004
  5.370977972730239E-003  5.138503964119061E-003  4.935776450118396E-003
  4.737616137804255E-003  4.491078243550693E-003  4.966252066013884E-003
  5.892781963021880E-003  7.444031346060990E-003  6.573098219859361E-003
  6.270512270318545E-003 -1.122742182364404E-004 -3.237911319833430E-005
  4.486825949521649E-002  0.628161646476578     
 Design variables: -3.215927106444793E-005 -1.437487640647735E-004
  5.370977972730239E-003  5.138503964119061E-003  4.935776450118396E-003
  4.737616137804255E-003  4.491078243550693E-003  4.966252066013884E-003
  5.892781963021880E-003  7.444031346060990E-003  6.573098219859361E-003
  6.270512270318545E-003 -1.122742182364404E-004 -3.237911319833430E-005
  4.486825949521649E-002  0.628161646476578     
 Constraint value, mean lift and its standard deviation: -1.891719914650096E-002
  0.639289254156056       2.037205500955526E-002
 Calc obj -3.215927106444793E-005 -1.437487640647735E-004
  5.370977972730239E-003  5.138503964119061E-003  4.935776450118396E-003
  4.737616137804255E-003  4.491078243550693E-003  4.966252066013884E-003
  5.892781963021880E-003  7.444031346060990E-003  6.573098219859361E-003
  6.270512270318545E-003 -1.122742182364404E-004 -3.237911319833430E-005
  4.486825949521649E-002  0.628161646476578     
 Design variables: -3.215927106444793E-005 -1.437487640647735E-004
  5.370977972730239E-003  5.138503964119061E-003  4.935776450118396E-003
  4.737616137804255E-003  4.491078243550693E-003  4.966252066013884E-003
  5.892781963021880E-003  7.444031346060990E-003  6.573098219859361E-003
  6.270512270318545E-003 -1.122742182364404E-004 -3.237911319833430E-005
  4.486825949521649E-002  0.628161646476578     
 Mean drag value and variance:  4.506285549298003E-003  5.599882450230996E-008
 Calc con  2.946303548375520E-004  1.526464936349319E-004
  4.719139175847970E-003  4.399493502911263E-003  4.124199533849710E-003
  3.863383823726348E-003  3.563796309747403E-003  3.553496340220705E-003
  4.996271897506110E-003  6.191348738437416E-003  5.717836520267827E-003
  5.486663621767583E-003  1.769697717620497E-004  2.967052344954852E-004
  4.700654640782116E-002  0.636122118602777     
 Design variables:  2.946303548375520E-004  1.526464936349319E-004
  4.719139175847970E-003  4.399493502911263E-003  4.124199533849710E-003
  3.863383823726348E-003  3.563796309747403E-003  3.553496340220705E-003
  4.996271897506110E-003  6.191348738437416E-003  5.717836520267827E-003
  5.486663621767583E-003  1.769697717620497E-004  2.967052344954852E-004
  4.700654640782116E-002  0.636122118602777     
 Constraint value, mean lift and its standard deviation: -1.869782443317087E-002
  0.639715662466308       2.101783803313689E-002
 Calc obj  2.946303548375520E-004  1.526464936349319E-004
  4.719139175847970E-003  4.399493502911263E-003  4.124199533849710E-003
  3.863383823726348E-003  3.563796309747403E-003  3.553496340220705E-003
  4.996271897506110E-003  6.191348738437416E-003  5.717836520267827E-003
  5.486663621767583E-003  1.769697717620497E-004  2.967052344954852E-004
  4.700654640782116E-002  0.636122118602777     
 Design variables:  2.946303548375520E-004  1.526464936349319E-004
  4.719139175847970E-003  4.399493502911263E-003  4.124199533849710E-003
  3.863383823726348E-003  3.563796309747403E-003  3.553496340220705E-003
  4.996271897506110E-003  6.191348738437416E-003  5.717836520267827E-003
  5.486663621767583E-003  1.769697717620497E-004  2.967052344954852E-004
  4.700654640782116E-002  0.636122118602777     
 Mean drag value and variance:  4.568675162645016E-003  1.008423633684428E-007
 Calc con  4.580251677885520E-004  3.008441224847846E-004
  4.393219777406835E-003  4.029988272307364E-003  3.718411075715368E-003
  3.426267666687395E-003  3.100155342845759E-003  2.847118477324116E-003
  4.548016864748225E-003  5.565007434625628E-003  5.290205670472059E-003
  5.094739297492102E-003  3.215917667612947E-004  4.612474083423950E-004
  4.807568986412349E-002  0.640102354665876     
 Design variables:  4.580251677885520E-004  3.008441224847846E-004
  4.393219777406835E-003  4.029988272307364E-003  3.718411075715368E-003
  3.426267666687395E-003  3.100155342845759E-003  2.847118477324116E-003
  4.548016864748225E-003  5.565007434625628E-003  5.290205670472059E-003
  5.094739297492102E-003  3.215917667612947E-004  4.612474083423950E-004
  4.807568986412349E-002  0.640102354665876     
 Constraint value, mean lift and its standard deviation: -1.901214212050189E-002
  0.640142360204017       2.113021808351529E-002
 Calc obj  4.580251677885520E-004  3.008441224847846E-004
  4.393219777406835E-003  4.029988272307364E-003  3.718411075715368E-003
  3.426267666687395E-003  3.100155342845759E-003  2.847118477324116E-003
  4.548016864748225E-003  5.565007434625628E-003  5.290205670472059E-003
  5.094739297492102E-003  3.215917667612947E-004  4.612474083423950E-004
  4.807568986412349E-002  0.640102354665876     
 Design variables:  4.580251677885520E-004  3.008441224847846E-004
  4.393219777406835E-003  4.029988272307364E-003  3.718411075715368E-003
  3.426267666687395E-003  3.100155342845759E-003  2.847118477324116E-003
  4.548016864748225E-003  5.565007434625628E-003  5.290205670472059E-003
  5.094739297492102E-003  3.215917667612947E-004  4.612474083423950E-004
  4.807568986412349E-002  0.640102354665876     
 Mean drag value and variance:  4.580574382734307E-003  8.885231913103054E-008
    5  0.4580663E-02  0.7230688E-01  0.1235460E-02  0.5955723E-01  0.3459435E-03
 Calc con  4.490717861680284E-004  2.985276199941058E-004
  4.810496850226119E-003  4.454843143763760E-003  4.162307837289516E-003
  3.898458832878573E-003  3.605333080211097E-003  4.246845811275250E-003
  5.461171203942506E-003  6.023924571292902E-003  5.612529670931074E-003
  5.482634540754587E-003  3.194561008362686E-004  4.493164627506634E-004
  4.606112621975809E-002  0.629953014721517     
 Design variables:  4.490717861680284E-004  2.985276199941058E-004
  4.810496850226119E-003  4.454843143763760E-003  4.162307837289516E-003
  3.898458832878573E-003  3.605333080211097E-003  4.246845811275250E-003
  5.461171203942506E-003  6.023924571292902E-003  5.612529670931074E-003
  5.482634540754587E-003  3.194561008362686E-004  4.493164627506634E-004
  4.606112621975809E-002  0.629953014721517     
 Constraint value, mean lift and its standard deviation: -1.281963378132352E-002
  0.633094429423197       2.027479564187389E-002
 Calc obj  4.490717861680284E-004  2.985276199941058E-004
  4.810496850226119E-003  4.454843143763760E-003  4.162307837289516E-003
  3.898458832878573E-003  3.605333080211097E-003  4.246845811275250E-003
  5.461171203942506E-003  6.023924571292902E-003  5.612529670931074E-003
  5.482634540754587E-003  3.194561008362686E-004  4.493164627506634E-004
  4.606112621975809E-002  0.629953014721517     
 Design variables:  4.490717861680284E-004  2.985276199941058E-004
  4.810496850226119E-003  4.454843143763760E-003  4.162307837289516E-003
  3.898458832878573E-003  3.605333080211097E-003  4.246845811275250E-003
  5.461171203942506E-003  6.023924571292902E-003  5.612529670931074E-003
  5.482634540754587E-003  3.194561008362686E-004  4.493164627506634E-004
  4.606112621975809E-002  0.629953014721517     
 Mean drag value and variance:  4.450115775062873E-003  5.210586034335452E-008
    6  0.4450168E-02  0.1014934E-01  0.1060182E-02  0.2556473E-01  0.4290163E-04
 Calc con  5.771231601107529E-004  4.138465000419914E-004
  6.838048274200415E-003  6.458489418310911E-003  6.166244889530705E-003
  5.929876953390424E-003  5.680132522684747E-003  6.526322616544608E-003
  6.382542550310680E-003  6.227705532258950E-003  6.084536157431660E-003
  6.739199527858111E-003  4.378466642498060E-004  5.754645095085891E-004
  4.023643164085701E-002  0.610557249470690     
 Design variables:  5.771231601107529E-004  4.138465000419914E-004
  6.838048274200415E-003  6.458489418310911E-003  6.166244889530705E-003
  5.929876953390424E-003  5.680132522684747E-003  6.526322616544608E-003
  6.382542550310680E-003  6.227705532258950E-003  6.084536157431660E-003
  6.739199527858111E-003  4.378466642498060E-004  5.754645095085891E-004
  4.023643164085701E-002  0.610557249470690     
 Constraint value, mean lift and its standard deviation: -2.750269369057888E-003
  0.621437291545760       1.868702217670246E-002
 Calc obj  5.771231601107529E-004  4.138465000419914E-004
  6.838048274200415E-003  6.458489418310911E-003  6.166244889530705E-003
  5.929876953390424E-003  5.680132522684747E-003  6.526322616544608E-003
  6.382542550310680E-003  6.227705532258950E-003  6.084536157431660E-003
  6.739199527858111E-003  4.378466642498060E-004  5.754645095085891E-004
  4.023643164085701E-002  0.610557249470690     
 Design variables:  5.771231601107529E-004  4.138465000419914E-004
  6.838048274200415E-003  6.458489418310911E-003  6.166244889530705E-003
  5.929876953390424E-003  5.680132522684747E-003  6.526322616544608E-003
  6.382542550310680E-003  6.227705532258950E-003  6.084536157431660E-003
  6.739199527858111E-003  4.378466642498060E-004  5.754645095085891E-004
  4.023643164085701E-002  0.610557249470690     
 Mean drag value and variance:  4.187167557202242E-003  3.021168568906985E-008
    7  0.4187198E-02  0.1939577E-01  0.8178027E-03  0.2902802E-01  0.5091372E-05
 Calc con  5.141781529830593E-004  4.740358666221176E-004
  9.271406828474072E-003  9.121251195257075E-003  8.932041153090440E-003
  8.739926151046401E-003  8.542269296098411E-003  8.095734405395157E-003
  6.507002884766021E-003  5.438294702476759E-003  9.089820060034171E-003
  9.873522822073263E-003  4.877794838419354E-004  5.076075103842040E-004
  3.238506131519697E-002  0.600432059441148     
 Design variables:  5.141781529830593E-004  4.740358666221176E-004
  9.271406828474072E-003  9.121251195257075E-003  8.932041153090440E-003
  8.739926151046401E-003  8.542269296098411E-003  8.095734405395157E-003
  6.507002884766021E-003  5.438294702476759E-003  9.089820060034171E-003
  9.873522822073263E-003  4.877794838419354E-004  5.076075103842040E-004
  3.238506131519697E-002  0.600432059441148     
 Constraint value, mean lift and its standard deviation: -2.461321334686715E-003
  0.620522161130990       1.806083979630332E-002
 Calc obj  5.141781529830593E-004  4.740358666221176E-004
  9.271406828474072E-003  9.121251195257075E-003  8.932041153090440E-003
  8.739926151046401E-003  8.542269296098411E-003  8.095734405395157E-003
  6.507002884766021E-003  5.438294702476759E-003  9.089820060034171E-003
  9.873522822073263E-003  4.877794838419354E-004  5.076075103842040E-004
  3.238506131519697E-002  0.600432059441148     
 Design variables:  5.141781529830593E-004  4.740358666221176E-004
  9.271406828474072E-003  9.121251195257075E-003  8.932041153090440E-003
  8.739926151046401E-003  8.542269296098411E-003  8.095734405395157E-003
  6.507002884766021E-003  5.438294702476759E-003  9.089820060034171E-003
  9.873522822073263E-003  4.877794838419354E-004  5.076075103842040E-004
  3.238506131519697E-002  0.600432059441148     
 Mean drag value and variance:  4.046033759413554E-003  2.342701227913950E-008
 Calc con  5.176745805167205E-004  4.777705474865264E-004
  9.286537925689245E-003  9.139180905794185E-003  8.951959710186193E-003
  8.761101968216256E-003  8.564352040590315E-003  8.117612268065656E-003
  6.550111821230969E-003  5.525024738480578E-003  9.147498764075918E-003
  9.897599419984745E-003  4.915802632301449E-004  5.110954382771117E-004
  3.245473983080915E-002  0.600410978932114     
 Design variables:  5.176745805167205E-004  4.777705474865264E-004
  9.286537925689245E-003  9.139180905794185E-003  8.951959710186193E-003
  8.761101968216256E-003  8.564352040590315E-003  8.117612268065656E-003
  6.550111821230969E-003  5.525024738480578E-003  9.147498764075918E-003
  9.897599419984745E-003  4.915802632301449E-004  5.110954382771117E-004
  3.245473983080915E-002  0.600410978932114     
 Constraint value, mean lift and its standard deviation: -4.523109345663620E-003
  0.622648845486275       1.812573614061115E-002
 Calc obj  5.176745805167205E-004  4.777705474865264E-004
  9.286537925689245E-003  9.139180905794185E-003  8.951959710186193E-003
  8.761101968216256E-003  8.564352040590315E-003  8.117612268065656E-003
  6.550111821230969E-003  5.525024738480578E-003  9.147498764075918E-003
  9.897599419984745E-003  4.915802632301449E-004  5.110954382771117E-004
  3.245473983080915E-002  0.600410978932114     
 Design variables:  5.176745805167205E-004  4.777705474865264E-004
  9.286537925689245E-003  9.139180905794185E-003  8.951959710186193E-003
  8.761101968216256E-003  8.564352040590315E-003  8.117612268065656E-003
  6.550111821230969E-003  5.525024738480578E-003  9.147498764075918E-003
  9.897599419984745E-003  4.915802632301449E-004  5.110954382771117E-004
  3.245473983080915E-002  0.600410978932114     
 Mean drag value and variance:  4.064715656253588E-003  2.354185454004392E-008
    8  0.4064739E-02  0.1012519E-01  0.1435294E-03  0.1244024E-01  0.2846905E-04
 Calc con  7.645290321355929E-004  6.484867271500100E-004
  9.154143684048746E-003  9.035939153003672E-003  8.934718833973152E-003
  8.854638748279941E-003  8.781428250738786E-003  7.260701686094265E-003
  6.391433296082835E-003  9.199518035007565E-003  9.541109160084434E-003
  9.302520002968735E-003  6.802112151313372E-004  7.517574960606891E-004
  2.973797452731650E-002  0.601639523408534     
 Design variables:  7.645290321355929E-004  6.484867271500100E-004
  9.154143684048746E-003  9.035939153003672E-003  8.934718833973152E-003
  8.854638748279941E-003  8.781428250738786E-003  7.260701686094265E-003
  6.391433296082835E-003  9.199518035007565E-003  9.541109160084434E-003
  9.302520002968735E-003  6.802112151313372E-004  7.517574960606891E-004
  2.973797452731650E-002  0.601639523408534     
 Constraint value, mean lift and its standard deviation: -7.291758162313762E-004
  0.618859054844434       1.812987902820247E-002
 Calc obj  7.645290321355929E-004  6.484867271500100E-004
  9.154143684048746E-003  9.035939153003672E-003  8.934718833973152E-003
  8.854638748279941E-003  8.781428250738786E-003  7.260701686094265E-003
  6.391433296082835E-003  9.199518035007565E-003  9.541109160084434E-003
  9.302520002968735E-003  6.802112151313372E-004  7.517574960606891E-004
  2.973797452731650E-002  0.601639523408534     
 Design variables:  7.645290321355929E-004  6.484867271500100E-004
  9.154143684048746E-003  9.035939153003672E-003  8.934718833973152E-003
  8.854638748279941E-003  8.781428250738786E-003  7.260701686094265E-003
  6.391433296082835E-003  9.199518035007565E-003  9.541109160084434E-003
  9.302520002968735E-003  6.802112151313372E-004  7.517574960606891E-004
  2.973797452731650E-002  0.601639523408534     
 Mean drag value and variance:  4.071985622655747E-003  2.371985348944211E-008
 Calc con  7.652683052959940E-004  6.490728720488601E-004
  9.155125045847727E-003  9.037142455177314E-003  8.936191022157225E-003
  8.856357007014358E-003  8.783339477604492E-003  7.264525613667743E-003
  6.405261705400886E-003  9.221272562276409E-003  9.543938378921818E-003
  9.302722479157472E-003  6.808281413536286E-004  7.524941941399559E-004
  2.978220970716664E-002  0.601640125100331     
 Design variables:  7.652683052959940E-004  6.490728720488601E-004
  9.155125045847727E-003  9.037142455177314E-003  8.936191022157225E-003
  8.856357007014358E-003  8.783339477604492E-003  7.264525613667743E-003
  6.405261705400886E-003  9.221272562276409E-003  9.543938378921818E-003
  9.302722479157472E-003  6.808281413536286E-004  7.524941941399559E-004
  2.978220970716664E-002  0.601640125100331     
 Constraint value, mean lift and its standard deviation: -1.348130038384698E-003
  0.619484442964172       1.813631292578770E-002
 Calc obj  7.652683052959940E-004  6.490728720488601E-004
  9.155125045847727E-003  9.037142455177314E-003  8.936191022157225E-003
  8.856357007014358E-003  8.783339477604492E-003  7.264525613667743E-003
  6.405261705400886E-003  9.221272562276409E-003  9.543938378921818E-003
  9.302722479157472E-003  6.808281413536286E-004  7.524941941399559E-004
  2.978220970716664E-002  0.601640125100331     
 Design variables:  7.652683052959940E-004  6.490728720488601E-004
  9.155125045847727E-003  9.037142455177314E-003  8.936191022157225E-003
  8.856357007014358E-003  8.783339477604492E-003  7.264525613667743E-003
  6.405261705400886E-003  9.221272562276409E-003  9.543938378921818E-003
  9.302722479157472E-003  6.808281413536286E-004  7.524941941399559E-004
  2.978220970716664E-002  0.601640125100331     
 Mean drag value and variance:  4.077717636151210E-003  2.363539814980196E-008
    9  0.4077741E-02  0.3674493E-02  0.1480570E-04  0.9851485E-02  0.1020944E-04
 Calc con  1.005488753818832E-003  9.090442184265194E-004
  9.526820765834065E-003  9.453928997439536E-003  9.396403255540232E-003
  9.356683344962482E-003  9.325327719384815E-003  4.393861484027496E-003
  9.964596392792915E-003  9.884517170558098E-003  9.766303701031201E-003
  9.677320169277007E-003  9.432947122640072E-004  9.982757078037569E-004
  2.672034179648479E-002  0.601117318044307     
 Design variables:  1.005488753818832E-003  9.090442184265194E-004
  9.526820765834065E-003  9.453928997439536E-003  9.396403255540232E-003
  9.356683344962482E-003  9.325327719384815E-003  4.393861484027496E-003
  9.964596392792915E-003  9.884517170558098E-003  9.766303701031201E-003
  9.677320169277007E-003  9.432947122640072E-004  9.982757078037569E-004
  2.672034179648479E-002  0.601117318044307     
 Constraint value, mean lift and its standard deviation:  7.641207607226100E-005
  0.618128223105675       1.820463518174767E-002
 Calc obj  1.005488753818832E-003  9.090442184265194E-004
  9.526820765834065E-003  9.453928997439536E-003  9.396403255540232E-003
  9.356683344962482E-003  9.325327719384815E-003  4.393861484027496E-003
  9.964596392792915E-003  9.884517170558098E-003  9.766303701031201E-003
  9.677320169277007E-003  9.432947122640072E-004  9.982757078037569E-004
  2.672034179648479E-002  0.601117318044307     
 Design variables:  1.005488753818832E-003  9.090442184265194E-004
  9.526820765834065E-003  9.453928997439536E-003  9.396403255540232E-003
  9.356683344962482E-003  9.325327719384815E-003  4.393861484027496E-003
  9.964596392792915E-003  9.884517170558098E-003  9.766303701031201E-003
  9.677320169277007E-003  9.432947122640072E-004  9.982757078037569E-004
  2.672034179648479E-002  0.601117318044307     
 Mean drag value and variance:  4.071978770624195E-003  2.351026584615726E-008
 Calc con  1.005540629736200E-003  9.090860121593855E-004
  9.527106932987726E-003  9.454302307682920E-003  9.396817435698175E-003
  9.357061768965756E-003  9.325574449387244E-003  4.407805537078830E-003
  9.964596392792914E-003  9.884457366004670E-003  9.766549586415233E-003
  9.677477293829638E-003  9.432657514075184E-004  9.983060458158672E-004
  2.677754058596200E-002  0.601118208971864     
 Design variables:  1.005540629736200E-003  9.090860121593855E-004
  9.527106932987726E-003  9.454302307682920E-003  9.396817435698175E-003
  9.357061768965756E-003  9.325574449387244E-003  4.407805537078830E-003
  9.964596392792914E-003  9.884457366004670E-003  9.766549586415233E-003
  9.677477293829638E-003  9.432657514075184E-004  9.983060458158672E-004
  2.677754058596200E-002  0.601118208971864     
 Constraint value, mean lift and its standard deviation: -5.618327046706291E-004
  0.618708317373099       1.814648466842845E-002
 Calc obj  1.005540629736200E-003  9.090860121593855E-004
  9.527106932987726E-003  9.454302307682920E-003  9.396817435698175E-003
  9.357061768965756E-003  9.325574449387244E-003  4.407805537078830E-003
  9.964596392792914E-003  9.884457366004670E-003  9.766549586415233E-003
  9.677477293829638E-003  9.432657514075184E-004  9.983060458158672E-004
  2.677754058596200E-002  0.601118208971864     
 Design variables:  1.005540629736200E-003  9.090860121593855E-004
  9.527106932987726E-003  9.454302307682920E-003  9.396817435698175E-003
  9.357061768965756E-003  9.325574449387244E-003  4.407805537078830E-003
  9.964596392792914E-003  9.884457366004670E-003  9.766549586415233E-003
  9.677477293829638E-003  9.432657514075184E-004  9.983060458158672E-004
  2.677754058596200E-002  0.601118208971864     
 Mean drag value and variance:  4.076647021884003E-003  2.370364644954767E-008
 Calc con  1.005536235988311E-003  9.090824723448697E-004
  9.527082695414794E-003  9.454270689329327E-003  9.396782355774930E-003
  9.357029717490735E-003  9.325553552032857E-003  4.406624514034229E-003
  9.964596392792915E-003  9.884462431286295E-003  9.766528760597675E-003
  9.677463985811043E-003  9.432682043126391E-004  9.983034762694749E-004
  2.677269600539075E-002  0.601118133512744     
 Design variables:  1.005536235988311E-003  9.090824723448697E-004
  9.527082695414794E-003  9.454270689329327E-003  9.396782355774930E-003
  9.357029717490735E-003  9.325553552032857E-003  4.406624514034229E-003
  9.964596392792915E-003  9.884462431286295E-003  9.766528760597675E-003
  9.677463985811043E-003  9.432682043126391E-004  9.983034762694749E-004
  2.677269600539075E-002  0.601118133512744     
 Constraint value, mean lift and its standard deviation: -4.626385522980385E-004
  0.618646529220260       1.818389066796196E-002
 Calc obj  1.005536235988311E-003  9.090824723448697E-004
  9.527082695414794E-003  9.454270689329327E-003  9.396782355774930E-003
  9.357029717490735E-003  9.325553552032857E-003  4.406624514034229E-003
  9.964596392792915E-003  9.884462431286295E-003  9.766528760597675E-003
  9.677463985811043E-003  9.432682043126391E-004  9.983034762694749E-004
  2.677269600539075E-002  0.601118133512744     
 Design variables:  1.005536235988311E-003  9.090824723448697E-004
  9.527082695414794E-003  9.454270689329327E-003  9.396782355774930E-003
  9.357029717490735E-003  9.325553552032857E-003  4.406624514034229E-003
  9.964596392792915E-003  9.884462431286295E-003  9.766528760597675E-003
  9.677463985811043E-003  9.432682043126391E-004  9.983034762694749E-004
  2.677269600539075E-002  0.601118133512744     
 Mean drag value and variance:  4.075027202219957E-003  2.373561683046319E-008
 Calc con  8.853785295574130E-004  7.790585452376897E-004
  9.340972905840897E-003  9.245535726308424E-003  9.166297138848728E-003
  9.106520175988420E-003  9.054333598494653E-003  5.829193548847620E-003
  8.184929049096901E-003  9.552894866417253E-003  9.655121039976509E-003
  9.490021324217239E-003  8.120614268088180E-004  8.753849509718564E-004
  2.825127575182572E-002  0.601378721572319     
 Design variables:  8.853785295574130E-004  7.790585452376897E-004
  9.340972905840897E-003  9.245535726308424E-003  9.166297138848728E-003
  9.106520175988420E-003  9.054333598494653E-003  5.829193548847620E-003
  8.184929049096901E-003  9.552894866417253E-003  9.655121039976509E-003
  9.490021324217239E-003  8.120614268088180E-004  8.753849509718564E-004
  2.825127575182572E-002  0.601378721572319     
 Constraint value, mean lift and its standard deviation: -6.404150033877502E-004
  0.618809747592736       1.816933258934871E-002
 Calc obj  8.853785295574130E-004  7.790585452376897E-004
  9.340972905840897E-003  9.245535726308424E-003  9.166297138848728E-003
  9.106520175988420E-003  9.054333598494653E-003  5.829193548847620E-003
  8.184929049096901E-003  9.552894866417253E-003  9.655121039976509E-003
  9.490021324217239E-003  8.120614268088180E-004  8.753849509718564E-004
  2.825127575182572E-002  0.601378721572319     
 Design variables:  8.853785295574130E-004  7.790585452376897E-004
  9.340972905840897E-003  9.245535726308424E-003  9.166297138848728E-003
  9.106520175988420E-003  9.054333598494653E-003  5.829193548847620E-003
  8.184929049096901E-003  9.552894866417253E-003  9.655121039976509E-003
  9.490021324217239E-003  8.120614268088180E-004  8.753849509718564E-004
  2.825127575182572E-002  0.601378721572319     
 Mean drag value and variance:  4.073017570221339E-003  2.370505998349346E-008
 Calc con  8.253234174267035E-004  7.140657086432750E-004
  9.248048975844312E-003  9.141339090742870E-003  9.051244080502978E-003
  8.981438591501389E-003  8.918836538049573E-003  6.546859581257681E-003
  7.295095377248893E-003  9.387083714346831E-003  9.599529709449163E-003
  9.396371901687356E-003  7.464447840812233E-004  8.139395725559061E-004
  2.901674272949618E-002  0.601509423336325     
 Design variables:  8.253234174267035E-004  7.140657086432750E-004
  9.248048975844312E-003  9.141339090742870E-003  9.051244080502978E-003
  8.981438591501389E-003  8.918836538049573E-003  6.546859581257681E-003
  7.295095377248893E-003  9.387083714346831E-003  9.599529709449163E-003
  9.396371901687356E-003  7.464447840812233E-004  8.139395725559061E-004
  2.901674272949618E-002  0.601509423336325     
 Constraint value, mean lift and its standard deviation: -9.985281800897403E-004
  0.619141266647035       1.814273846694534E-002
 Calc obj  8.253234174267035E-004  7.140657086432750E-004
  9.248048975844312E-003  9.141339090742870E-003  9.051244080502978E-003
  8.981438591501389E-003  8.918836538049573E-003  6.546859581257681E-003
  7.295095377248893E-003  9.387083714346831E-003  9.599529709449163E-003
  9.396371901687356E-003  7.464447840812233E-004  8.139395725559061E-004
  2.901674272949618E-002  0.601509423336325     
 Design variables:  8.253234174267035E-004  7.140657086432750E-004
  9.248048975844312E-003  9.141339090742870E-003  9.051244080502978E-003
  8.981438591501389E-003  8.918836538049573E-003  6.546859581257681E-003
  7.295095377248893E-003  9.387083714346831E-003  9.599529709449163E-003
  9.396371901687356E-003  7.464447840812233E-004  8.139395725559061E-004
  2.901674272949618E-002  0.601509423336325     
 Mean drag value and variance:  4.074761924816045E-003  2.364305853211647E-008
 Calc con  7.952958613613488E-004  6.815692903460675E-004
  9.201587010846019E-003  9.089240772960092E-003  8.993717551330101E-003
  8.918897799257874E-003  8.851088007827032E-003  6.905692597462713E-003
  6.850178541324890E-003  9.304178138311621E-003  9.571734044185490E-003
  9.349547190422414E-003  7.136364627174259E-004  7.832168833479310E-004
  2.939947621833141E-002  0.601574774218328     
 Design variables:  7.952958613613488E-004  6.815692903460675E-004
  9.201587010846019E-003  9.089240772960092E-003  8.993717551330101E-003
  8.918897799257874E-003  8.851088007827032E-003  6.905692597462713E-003
  6.850178541324890E-003  9.304178138311621E-003  9.571734044185490E-003
  9.349547190422414E-003  7.136364627174259E-004  7.832168833479310E-004
  2.939947621833141E-002  0.601574774218328     
 Constraint value, mean lift and its standard deviation: -1.130696501193417E-003
  0.619329490821703       1.819879432050957E-002
 Calc obj  7.952958613613488E-004  6.815692903460675E-004
  9.201587010846019E-003  9.089240772960092E-003  8.993717551330101E-003
  8.918897799257874E-003  8.851088007827032E-003  6.905692597462713E-003
  6.850178541324890E-003  9.304178138311621E-003  9.571734044185490E-003
  9.349547190422414E-003  7.136364627174259E-004  7.832168833479310E-004
  2.939947621833141E-002  0.601574774218328     
 Design variables:  7.952958613613488E-004  6.815692903460675E-004
  9.201587010846019E-003  9.089240772960092E-003  8.993717551330101E-003
  8.918897799257874E-003  8.851088007827032E-003  6.905692597462713E-003
  6.850178541324890E-003  9.304178138311621E-003  9.571734044185490E-003
  9.349547190422414E-003  7.136364627174259E-004  7.832168833479310E-004
  2.939947621833141E-002  0.601574774218328     
 Mean drag value and variance:  4.076322531625553E-003  2.374469668752459E-008
 Calc con  7.802820833286714E-004  6.653210811974638E-004
  9.178356028346872E-003  9.063191614068702E-003  8.964954286743662E-003
  8.887627403136115E-003  8.817213742715761E-003  7.085109105565228E-003
  6.627720123362888E-003  9.262725350294014E-003  9.557836211553653E-003
  9.326134834789942E-003  6.972323020355273E-004  7.678555387439435E-004
  2.959084296274903E-002  0.601607449659330     
 Design variables:  7.802820833286714E-004  6.653210811974638E-004
  9.178356028346872E-003  9.063191614068702E-003  8.964954286743662E-003
  8.887627403136115E-003  8.817213742715761E-003  7.085109105565228E-003
  6.627720123362888E-003  9.262725350294014E-003  9.557836211553653E-003
  9.326134834789942E-003  6.972323020355273E-004  7.678555387439435E-004
  2.959084296274903E-002  0.601607449659330     
 Constraint value, mean lift and its standard deviation: -1.268568924518806E-003
  0.619401111066449       1.813254214193034E-002
 Calc obj  7.802820833286714E-004  6.653210811974638E-004
  9.178356028346872E-003  9.063191614068702E-003  8.964954286743662E-003
  8.887627403136115E-003  8.817213742715761E-003  7.085109105565228E-003
  6.627720123362888E-003  9.262725350294014E-003  9.557836211553653E-003
  9.326134834789942E-003  6.972323020355273E-004  7.678555387439435E-004
  2.959084296274903E-002  0.601607449659330     
 Design variables:  7.802820833286714E-004  6.653210811974638E-004
  9.178356028346872E-003  9.063191614068702E-003  8.964954286743662E-003
  8.887627403136115E-003  8.817213742715761E-003  7.085109105565228E-003
  6.627720123362888E-003  9.262725350294014E-003  9.557836211553653E-003
  9.326134834789942E-003  6.972323020355273E-004  7.678555387439435E-004
  2.959084296274903E-002  0.601607449659330     
 Mean drag value and variance:  4.076331746557748E-003  2.381640318456084E-008
   10  0.4076356E-02  0.5154645E-02  0.5621761E-04  0.8716403E-02  0.3429770E-05
 Calc con  1.147929274266907E-003  1.108458195854952E-003
  9.752214422058144E-003  9.715331567550826E-003  9.687457272870592E-003
  9.668887453296639E-003  9.654049409844039E-003  4.349405971304633E-003
  9.653572968613921E-003  9.808406998354457E-003  9.861240175099548E-003
  9.864139731030236E-003  1.122398149685889E-003  1.144981570780239E-003
  2.568749271741605E-002  0.600441366292147     
 Design variables:  1.147929274266907E-003  1.108458195854952E-003
  9.752214422058144E-003  9.715331567550826E-003  9.687457272870592E-003
  9.668887453296639E-003  9.654049409844039E-003  4.349405971304633E-003
  9.653572968613921E-003  9.808406998354457E-003  9.861240175099548E-003
  9.864139731030236E-003  1.122398149685889E-003  1.144981570780239E-003
  2.568749271741605E-002  0.600441366292147     
 Constraint value, mean lift and its standard deviation:  4.067464008540231E-004
  0.617600309204970       1.800705560582449E-002
 Calc obj  1.147929274266907E-003  1.108458195854952E-003
  9.752214422058144E-003  9.715331567550826E-003  9.687457272870592E-003
  9.668887453296639E-003  9.654049409844039E-003  4.349405971304633E-003
  9.653572968613921E-003  9.808406998354457E-003  9.861240175099548E-003
  9.864139731030236E-003  1.122398149685889E-003  1.144981570780239E-003
  2.568749271741605E-002  0.600441366292147     
 Design variables:  1.147929274266907E-003  1.108458195854952E-003
  9.752214422058144E-003  9.715331567550826E-003  9.687457272870592E-003
  9.668887453296639E-003  9.654049409844039E-003  4.349405971304633E-003
  9.653572968613921E-003  9.808406998354457E-003  9.861240175099548E-003
  9.864139731030236E-003  1.122398149685889E-003  1.144981570780239E-003
  2.568749271741605E-002  0.600441366292147     
 Mean drag value and variance:  4.038474417668897E-003  2.256446553618600E-008
 Calc con  1.148953299722263E-003  1.109665729303766E-003
  9.754052028636006E-003  9.717492057964088E-003  9.689850189507207E-003
  9.671366394436160E-003  9.656464365578816E-003  4.360929488325017E-003
  9.663268089022355E-003  9.809699811976510E-003  9.862208894944380E-003
  9.865635606093584E-003  1.123443372936601E-003  1.145999995889514E-003
  2.575957702725178E-002  0.600440689411210     
 Design variables:  1.148953299722263E-003  1.109665729303766E-003
  9.754052028636006E-003  9.717492057964088E-003  9.689850189507207E-003
  9.671366394436160E-003  9.656464365578816E-003  4.360929488325017E-003
  9.663268089022355E-003  9.809699811976510E-003  9.862208894944380E-003
  9.865635606093584E-003  1.123443372936601E-003  1.145999995889514E-003
  2.575957702725178E-002  0.600440689411210     
 Constraint value, mean lift and its standard deviation: -2.736974896739158E-004
  0.618415645808405       1.814194831873069E-002
 Calc obj  1.148953299722263E-003  1.109665729303766E-003
  9.754052028636006E-003  9.717492057964088E-003  9.689850189507207E-003
  9.671366394436160E-003  9.656464365578816E-003  4.360929488325017E-003
  9.663268089022355E-003  9.809699811976510E-003  9.862208894944380E-003
  9.865635606093584E-003  1.123443372936601E-003  1.145999995889514E-003
  2.575957702725178E-002  0.600440689411210     
 Design variables:  1.148953299722263E-003  1.109665729303766E-003
  9.754052028636006E-003  9.717492057964088E-003  9.689850189507207E-003
  9.671366394436160E-003  9.656464365578816E-003  4.360929488325017E-003
  9.663268089022355E-003  9.809699811976510E-003  9.862208894944380E-003
  9.865635606093584E-003  1.123443372936601E-003  1.145999995889514E-003
  2.575957702725178E-002  0.600440689411210     
 Mean drag value and variance:  4.045503968088824E-003  2.281966474326568E-008
 Calc con  1.149121168923279E-003  1.109863681097046E-003
  9.754353268753029E-003  9.717846228651522E-003  9.690242461986159E-003
  9.671772768971361E-003  9.656860250942373E-003  4.362818546438430E-003
  9.664857416815326E-003  9.809911743807591E-003  9.862367697858429E-003
  9.865880825927133E-003  1.123614717106869E-003  1.146166947021924E-003
  2.577139385800886E-002  0.600440578449650     
 Design variables:  1.149121168923279E-003  1.109863681097046E-003
  9.754353268753029E-003  9.717846228651522E-003  9.690242461986159E-003
  9.671772768971361E-003  9.656860250942373E-003  4.362818546438430E-003
  9.664857416815326E-003  9.809911743807591E-003  9.862367697858429E-003
  9.865880825927133E-003  1.123614717106869E-003  1.146166947021924E-003
  2.577139385800886E-002  0.600440578449650     
 Constraint value, mean lift and its standard deviation: -4.475826552003161E-004
  0.618541280471471       1.809369781627021E-002
 Calc obj  1.149121168923279E-003  1.109863681097046E-003
  9.754353268753029E-003  9.717846228651522E-003  9.690242461986159E-003
  9.671772768971361E-003  9.656860250942373E-003  4.362818546438430E-003
  9.664857416815326E-003  9.809911743807591E-003  9.862367697858429E-003
  9.865880825927133E-003  1.123614717106869E-003  1.146166947021924E-003
  2.577139385800886E-002  0.600440578449650     
 Design variables:  1.149121168923279E-003  1.109863681097046E-003
  9.754353268753029E-003  9.717846228651522E-003  9.690242461986159E-003
  9.671772768971361E-003  9.656860250942373E-003  4.362818546438430E-003
  9.664857416815326E-003  9.809911743807591E-003  9.862367697858429E-003
  9.865880825927133E-003  1.123614717106869E-003  1.146166947021924E-003
  2.577139385800886E-002  0.600440578449650     
 Mean drag value and variance:  4.046448527782812E-003  2.288369831077657E-008
   11  0.4046471E-02  0.3903350E-02  0.4042095E-04  0.1030352E-01  0.2842748E-05
 Calc con  1.234908283653155E-003  1.225449998622243E-003
  9.971033038072633E-003  9.966150905638666E-003  9.962052305890180E-003
  9.959043150928222E-003  9.956605395390368E-003  3.924108353543372E-003
  9.995179945577104E-003  9.969071638832181E-003  9.979888455032247E-003
  9.982221236007680E-003  1.229746132182429E-003  1.235436155076675E-003
  2.471333410948137E-002  0.600067095377064     
 Design variables:  1.234908283653155E-003  1.225449998622243E-003
  9.971033038072633E-003  9.966150905638666E-003  9.962052305890180E-003
  9.959043150928222E-003  9.956605395390368E-003  3.924108353543372E-003
  9.995179945577104E-003  9.969071638832181E-003  9.979888455032247E-003
  9.982221236007680E-003  1.229746132182429E-003  1.235436155076675E-003
  2.471333410948137E-002  0.600067095377064     
 Constraint value, mean lift and its standard deviation:  1.757702846967441E-004
  0.617878172365266       1.805394264996286E-002
 Calc obj  1.234908283653155E-003  1.225449998622243E-003
  9.971033038072633E-003  9.966150905638666E-003  9.962052305890180E-003
  9.959043150928222E-003  9.956605395390368E-003  3.924108353543372E-003
  9.995179945577104E-003  9.969071638832181E-003  9.979888455032247E-003
  9.982221236007680E-003  1.229746132182429E-003  1.235436155076675E-003
  2.471333410948137E-002  0.600067095377064     
 Design variables:  1.234908283653155E-003  1.225449998622243E-003
  9.971033038072633E-003  9.966150905638666E-003  9.962052305890180E-003
  9.959043150928222E-003  9.956605395390368E-003  3.924108353543372E-003
  9.995179945577104E-003  9.969071638832181E-003  9.979888455032247E-003
  9.982221236007680E-003  1.229746132182429E-003  1.235436155076675E-003
  2.471333410948137E-002  0.600067095377064     
 Mean drag value and variance:  4.031683770753573E-003  2.233388315334427E-008
   12  0.4031706E-02  0.1058060E-02  0.2245324E-03  0.1040829E-01  0.3730796E-06
 Calc con  1.249402525146522E-003  1.249034606667151E-003
  9.998808151555164E-003  9.998615103432314E-003  9.998475460577638E-003
  9.998400018582376E-003  9.998367610697417E-003  3.896417117520327E-003
  9.998563593313669E-003  9.998754247269391E-003  9.999201459452416E-003
  9.999264458317621E-003  1.249188675165035E-003  1.249406403084358E-003
  2.458396478994698E-002  0.600001055239999     
 Design variables:  1.249402525146522E-003  1.249034606667151E-003
  9.998808151555164E-003  9.998615103432314E-003  9.998475460577638E-003
  9.998400018582376E-003  9.998367610697417E-003  3.896417117520327E-003
  9.998563593313669E-003  9.998754247269391E-003  9.999201459452416E-003
  9.999264458317621E-003  1.249188675165035E-003  1.249406403084358E-003
  2.458396478994698E-002  0.600001055239999     
 Constraint value, mean lift and its standard deviation:  3.989498099998129E-005
  0.618032876851259       1.807277183225896E-002
 Calc obj  1.249402525146522E-003  1.249034606667151E-003
  9.998808151555164E-003  9.998615103432314E-003  9.998475460577638E-003
  9.998400018582376E-003  9.998367610697417E-003  3.896417117520327E-003
  9.998563593313669E-003  9.998754247269391E-003  9.999201459452416E-003
  9.999264458317621E-003  1.249188675165035E-003  1.249406403084358E-003
  2.458396478994698E-002  0.600001055239999     
 Design variables:  1.249402525146522E-003  1.249034606667151E-003
  9.998808151555164E-003  9.998615103432314E-003  9.998475460577638E-003
  9.998400018582376E-003  9.998367610697417E-003  3.896417117520327E-003
  9.998563593313669E-003  9.998754247269391E-003  9.999201459452416E-003
  9.999264458317621E-003  1.249188675165035E-003  1.249406403084358E-003
  2.458396478994698E-002  0.600001055239999     
 Mean drag value and variance:  4.031078163397477E-003  2.222692710598958E-008
   13  0.4031100E-02  0.1293693E-03  0.4134957E-04  0.1020176E-01  0.7377902E-08
 Calc con  1.250000784175482E-003  1.249997415919677E-003
  9.999988288086832E-003  9.999985432151725E-003  9.999983024206629E-003
  9.999980879085718E-003  9.999978450961124E-003  3.896844042186229E-003
  9.999957111920818E-003  9.999994831216061E-003  9.999997976106224E-003
  9.999997652917054E-003  1.249998388070894E-003  1.250000589093413E-003
  2.458078439104951E-002  0.600000038476173     
 Design variables:  1.250000784175482E-003  1.249997415919677E-003
  9.999988288086832E-003  9.999985432151725E-003  9.999983024206629E-003
  9.999980879085718E-003  9.999978450961124E-003  3.896844042186229E-003
  9.999957111920818E-003  9.999994831216061E-003  9.999997976106224E-003
  9.999997652917054E-003  1.249998388070894E-003  1.250000589093413E-003
  2.458078439104951E-002  0.600000038476173     
 Constraint value, mean lift and its standard deviation: -6.237478264077556E-005
  0.618081630408423       1.801925562578204E-002
 Calc obj  1.250000784175482E-003  1.249997415919677E-003
  9.999988288086832E-003  9.999985432151725E-003  9.999983024206629E-003
  9.999980879085718E-003  9.999978450961124E-003  3.896844042186229E-003
  9.999957111920818E-003  9.999994831216061E-003  9.999997976106224E-003
  9.999997652917054E-003  1.249998388070894E-003  1.250000589093413E-003
  2.458078439104951E-002  0.600000038476173     
 Design variables:  1.250000784175482E-003  1.249997415919677E-003
  9.999988288086832E-003  9.999985432151725E-003  9.999983024206629E-003
  9.999980879085718E-003  9.999978450961124E-003  3.896844042186229E-003
  9.999957111920818E-003  9.999994831216061E-003  9.999997976106224E-003
  9.999997652917054E-003  1.249998388070894E-003  1.250000589093413E-003
  2.458078439104951E-002  0.600000038476173     
 Mean drag value and variance:  4.031009039322078E-003  2.205422107205034E-008
   14  0.4031031E-02  0.3180399E-05  0.6233920E-04  0.1029270E-01  0.3498807E-09
 
 The solution was found.
 
 The final value of the objective function is   4.031031093543150E-003
 
 The optimal values of X are:
 
 X  (           1 ) =   1.250000000000000E-003
 X  (           2 ) =   1.249997415919677E-003
 X  (           3 ) =   9.999988288086832E-003
 X  (           4 ) =   9.999985432151725E-003
 X  (           5 ) =   9.999983024206629E-003
 X  (           6 ) =   9.999980879085718E-003
 X  (           7 ) =   9.999978450961124E-003
 X  (           8 ) =   3.896844042186229E-003
 X  (           9 ) =   9.999957111920818E-003
 X  (          10 ) =   9.999994831216061E-003
 X  (          11 ) =   9.999997976106224E-003
 X  (          12 ) =   9.999997652917054E-003
 X  (          13 ) =   1.249998388070894E-003
 X  (          14 ) =   1.250000000000000E-003
 X  (          15 ) =    1.40837520272819     
 X  (          16 ) =   0.600000038476173     
 
 The multipliers for the equality constraints are:
 
 LAM(           1 ) =   6.952039380318271E-003
 
Mean drag, variance, SD, CV:       0.0040       0.0000       0.0001       0.0368
