           1  0.904717300000000        2.12797164519996     
           2  0.799734200000000        4.56290905611952     
           3  0.604887300000000        5.53868061806203     
           4  0.508833600000000        5.96843906071490     
           5  0.404736500000000        6.38246291854592     
           6  0.300233500000000        6.57334976398388     
           7  0.200966500000000        6.37593953426325     
           8  0.206559200000000       5.196117654509369E-002
           9  0.301018400000000       0.128641258894201     
          10  0.405990900000000       0.245044845146280     
          11  0.500361300000000       0.408881072303705     
          12  0.605071500000000       0.733442141763419     
          13  0.803947400000000        3.00334199606113     
          14  0.899877500000000        8.18564233813980     
          15   10.4503654939726     
          16  0.288553549348884     
