           1  0.903269016756258        9.49985587608034     
           2  0.804051544851044        6.41015235628113     
           3  0.602052657447560        4.11710043729481     
           4  0.501866158189287        3.55551022155884     
           5  0.399694860583434        3.13677804468176     
           6  0.301158507701292        2.80482102869016     
           7  0.205346444050076        2.49075989680956     
           8  0.202450889381161        4.10503487554322     
           9  0.301538478396521        4.71706880479377     
          10  0.402014946835827        5.16940275286795     
          11  0.504570952907477        5.51052162267113     
          12  0.604736568670243        5.80030937567365     
          13  0.803383624472688        7.00321939317809     
          14  0.901823325566936        9.26782490423146     
          15   9.22232405479200     
          16   1.06284052680430     
