 >> Number of Processors =   1
 Calc con  0.000000000000000E+000  0.000000000000000E+000
  0.000000000000000E+000  0.000000000000000E+000  0.000000000000000E+000
  0.000000000000000E+000  0.000000000000000E+000  0.000000000000000E+000
  0.000000000000000E+000  0.000000000000000E+000  0.000000000000000E+000
  0.000000000000000E+000  0.000000000000000E+000  0.000000000000000E+000
  3.490658503988659E-002  0.650000000000000     
 Design variables:  0.000000000000000E+000  0.000000000000000E+000
  0.000000000000000E+000  0.000000000000000E+000  0.000000000000000E+000
  0.000000000000000E+000  0.000000000000000E+000  0.000000000000000E+000
  0.000000000000000E+000  0.000000000000000E+000  0.000000000000000E+000
  0.000000000000000E+000  0.000000000000000E+000  0.000000000000000E+000
  3.490658503988659E-002  0.650000000000000     
 Constraint value, mean lift and its standard deviation:  0.310756056367680     
  0.324395601797384       1.757582908253194E-002
 Calc obj  0.000000000000000E+000  0.000000000000000E+000
  0.000000000000000E+000  0.000000000000000E+000  0.000000000000000E+000
  0.000000000000000E+000  0.000000000000000E+000  0.000000000000000E+000
  0.000000000000000E+000  0.000000000000000E+000  0.000000000000000E+000
  0.000000000000000E+000  0.000000000000000E+000  0.000000000000000E+000
  3.490658503988659E-002  0.650000000000000     
 Design variables:  0.000000000000000E+000  0.000000000000000E+000
  0.000000000000000E+000  0.000000000000000E+000  0.000000000000000E+000
  0.000000000000000E+000  0.000000000000000E+000  0.000000000000000E+000
  0.000000000000000E+000  0.000000000000000E+000  0.000000000000000E+000
  0.000000000000000E+000  0.000000000000000E+000  0.000000000000000E+000
  3.490658503988659E-002  0.650000000000000     
 Mean drag value and variance:  2.615284488544476E-003  1.154781461855579E-008
 
 iter    objective      ||grad||        inf_pr          inf_du         lg(mu)
    0  0.2615296E-02  0.0000000E+00  0.3207560E+00  0.9955552E+00  0.1000000E+01
 Calc con  8.105439119364857E-004  5.760588912542003E-004
  3.254186245925127E-003  2.891927672527045E-003  2.580536124734118E-003
  2.290167236712598E-003  1.980042104388064E-003  2.550760280493747E-003
  2.777165729662618E-003  2.968085753973275E-003  3.187301084884049E-003
  3.482572398929655E-003  5.928313302799815E-004  8.166900175310276E-004
  5.535341490204326E-002  0.663106442053057     
 Design variables:  8.105439119364857E-004  5.760588912542003E-004
  3.254186245925127E-003  2.891927672527045E-003  2.580536124734118E-003
  2.290167236712598E-003  1.980042104388064E-003  2.550760280493747E-003
  2.777165729662618E-003  2.968085753973275E-003  3.187301084884049E-003
  3.482572398929655E-003  5.928313302799815E-004  8.166900175310276E-004
  5.535341490204326E-002  0.663106442053057     
 Constraint value, mean lift and its standard deviation: -4.367109787106949E-002
  0.685588271467305       2.095858679811768E-002
 Calc obj  8.105439119364857E-004  5.760588912542003E-004
  3.254186245925127E-003  2.891927672527045E-003  2.580536124734118E-003
  2.290167236712598E-003  1.980042104388064E-003  2.550760280493747E-003
  2.777165729662618E-003  2.968085753973275E-003  3.187301084884049E-003
  3.482572398929655E-003  5.928313302799815E-004  8.166900175310276E-004
  5.535341490204326E-002  0.663106442053057     
 Design variables:  8.105439119364857E-004  5.760588912542003E-004
  3.254186245925127E-003  2.891927672527045E-003  2.580536124734118E-003
  2.290167236712598E-003  1.980042104388064E-003  2.550760280493747E-003
  2.777165729662618E-003  2.968085753973275E-003  3.187301084884049E-003
  3.482572398929655E-003  5.928313302799815E-004  8.166900175310276E-004
  5.535341490204326E-002  0.663106442053057     
 Mean drag value and variance:  7.083275850597683E-003  2.860783056766967E-006
    1  0.7086137E-02  0.2436377E-01  0.9307340E-02  0.7304931E+00  0.2569640E-01
 Calc con  7.496438843146662E-004  5.336608973546799E-004
  3.238584488439564E-003  2.893088234493401E-003  2.596399751657411E-003
  2.318677523780633E-003  2.018863933219360E-003  1.878108991890360E-003
  2.541605620122685E-003  3.208092768887601E-003  3.624908657118586E-003
  3.778821325888970E-003  5.493980813593281E-004  7.553144686064758E-004
  5.527374006435509E-002  0.658285963652781     
 Design variables:  7.496438843146662E-004  5.336608973546799E-004
  3.238584488439564E-003  2.893088234493401E-003  2.596399751657411E-003
  2.318677523780633E-003  2.018863933219360E-003  1.878108991890360E-003
  2.541605620122685E-003  3.208092768887601E-003  3.624908657118586E-003
  3.778821325888970E-003  5.493980813593281E-004  7.553144686064758E-004
  5.527374006435509E-002  0.658285963652781     
 Constraint value, mean lift and its standard deviation: -3.591767987737695E-002
  0.679237328922829       2.165982452272618E-002
 Calc obj  7.496438843146662E-004  5.336608973546799E-004
  3.238584488439564E-003  2.893088234493401E-003  2.596399751657411E-003
  2.318677523780633E-003  2.018863933219360E-003  1.878108991890360E-003
  2.541605620122685E-003  3.208092768887601E-003  3.624908657118586E-003
  3.778821325888970E-003  5.493980813593281E-004  7.553144686064758E-004
  5.527374006435509E-002  0.658285963652781     
 Design variables:  7.496438843146662E-004  5.336608973546799E-004
  3.238584488439564E-003  2.893088234493401E-003  2.596399751657411E-003
  2.318677523780633E-003  2.018863933219360E-003  1.878108991890360E-003
  2.541605620122685E-003  3.208092768887601E-003  3.624908657118586E-003
  3.778821325888970E-003  5.493980813593281E-004  7.553144686064758E-004
  5.527374006435509E-002  0.658285963652781     
 Mean drag value and variance:  6.046422058554813E-003  1.461158904105801E-006
    2  0.6047883E-02  0.4820478E-02  0.2881066E-02  0.9586685E-01  0.2118298E-02
 Calc con  6.392950284404991E-004  4.560511098613753E-004
  3.402500849889101E-003  3.063777109086349E-003  2.777876917254837E-003
  2.512397994470112E-003  2.221675581271267E-003  9.348555503512175E-004
  4.343164617127604E-003  5.439101226499618E-003  5.030761897294815E-003
  4.243844475035424E-003  4.701934471916168E-004  6.447634757892887E-004
  5.344661584525783E-002  0.646928608856238     
 Design variables:  6.392950284404991E-004  4.560511098613753E-004
  3.402500849889101E-003  3.063777109086349E-003  2.777876917254837E-003
  2.512397994470112E-003  2.221675581271267E-003  9.348555503512175E-004
  4.343164617127604E-003  5.439101226499618E-003  5.030761897294815E-003
  4.243844475035424E-003  4.701934471916168E-004  6.447634757892887E-004
  5.344661584525783E-002  0.646928608856238     
 Constraint value, mean lift and its standard deviation: -2.939048992789371E-002
  0.673264908737159       2.193720940463251E-002
 Calc obj  6.392950284404991E-004  4.560511098613753E-004
  3.402500849889101E-003  3.063777109086349E-003  2.777876917254837E-003
  2.512397994470112E-003  2.221675581271267E-003  9.348555503512175E-004
  4.343164617127604E-003  5.439101226499618E-003  5.030761897294815E-003
  4.243844475035424E-003  4.701934471916168E-004  6.447634757892887E-004
  5.344661584525783E-002  0.646928608856238     
 Design variables:  6.392950284404991E-004  4.560511098613753E-004
  3.402500849889101E-003  3.063777109086349E-003  2.777876917254837E-003
  2.512397994470112E-003  2.221675581271267E-003  9.348555503512175E-004
  4.343164617127604E-003  5.439101226499618E-003  5.030761897294815E-003
  4.243844475035424E-003  4.701934471916168E-004  6.447634757892887E-004
  5.344661584525783E-002  0.646928608856238     
 Mean drag value and variance:  4.986062092548313E-003  1.591637475542458E-007
    3  0.4986221E-02  0.1135735E-01  0.4931291E-02  0.1182398E+00  0.3972180E-03
 Calc con  6.364378000001496E-004  4.609844575575387E-004
  3.974349064418412E-003  3.597969490064381E-003  3.274245037748159E-003
  2.968474965477741E-003  2.629303392956598E-003  1.449781760602487E-003
  4.392592130251450E-003  5.412104693544554E-003  5.068182306504464E-003
  4.452098765862630E-003  4.749623175192986E-004  6.447287268638703E-004
  5.078688389106906E-002  0.648368018510863     
 Design variables:  6.364378000001496E-004  4.609844575575387E-004
  3.974349064418412E-003  3.597969490064381E-003  3.274245037748159E-003
  2.968474965477741E-003  2.629303392956598E-003  1.449781760602487E-003
  4.392592130251450E-003  5.412104693544554E-003  5.068182306504464E-003
  4.452098765862630E-003  4.749623175192986E-004  6.447287268638703E-004
  5.078688389106906E-002  0.648368018510863     
 Constraint value, mean lift and its standard deviation: -1.673681025869778E-002
  0.662235102433861       2.274914608758149E-002
 Calc obj  6.364378000001496E-004  4.609844575575387E-004
  3.974349064418412E-003  3.597969490064381E-003  3.274245037748159E-003
  2.968474965477741E-003  2.629303392956598E-003  1.449781760602487E-003
  4.392592130251450E-003  5.412104693544554E-003  5.068182306504464E-003
  4.452098765862630E-003  4.749623175192986E-004  6.447287268638703E-004
  5.078688389106906E-002  0.648368018510863     
 Design variables:  6.364378000001496E-004  4.609844575575387E-004
  3.974349064418412E-003  3.597969490064381E-003  3.274245037748159E-003
  2.968474965477741E-003  2.629303392956598E-003  1.449781760602487E-003
  4.392592130251450E-003  5.412104693544554E-003  5.068182306504464E-003
  4.452098765862630E-003  4.749623175192986E-004  6.447287268638703E-004
  5.078688389106906E-002  0.648368018510863     
 Mean drag value and variance:  4.917740860398720E-003  2.090496327615280E-007
    4  0.4917950E-02  0.1538890E-01  0.2196072E-02  0.3890005E-01  0.3648147E-04
 Calc con  8.698421469910465E-004  6.803891425208279E-004
  8.242473021031288E-003  7.510269148683883E-003  6.863021820251764E-003
  6.250398452319984E-003  5.568125074461821E-003  5.732340922129000E-003
  3.819101817220365E-003  4.752606582420916E-003  7.135394727205640E-003
  9.057915483260334E-003  7.404758734416437E-004  8.425647304757429E-004
  3.657513177652594E-002  0.647804303549542     
 Design variables:  8.698421469910465E-004  6.803891425208279E-004
  8.242473021031288E-003  7.510269148683883E-003  6.863021820251764E-003
  6.250398452319984E-003  5.568125074461821E-003  5.732340922129000E-003
  3.819101817220365E-003  4.752606582420916E-003  7.135394727205640E-003
  9.057915483260334E-003  7.404758734416437E-004  8.425647304757429E-004
  3.657513177652594E-002  0.647804303549542     
 Constraint value, mean lift and its standard deviation: -5.001884443384952E-003
  0.648533446021908       2.176578078926142E-002
 Calc obj  8.698421469910465E-004  6.803891425208279E-004
  8.242473021031288E-003  7.510269148683883E-003  6.863021820251764E-003
  6.250398452319984E-003  5.568125074461821E-003  5.732340922129000E-003
  3.819101817220365E-003  4.752606582420916E-003  7.135394727205640E-003
  9.057915483260334E-003  7.404758734416437E-004  8.425647304757429E-004
  3.657513177652594E-002  0.647804303549542     
 Design variables:  8.698421469910465E-004  6.803891425208279E-004
  8.242473021031288E-003  7.510269148683883E-003  6.863021820251764E-003
  6.250398452319984E-003  5.568125074461821E-003  5.732340922129000E-003
  3.819101817220365E-003  4.752606582420916E-003  7.135394727205640E-003
  9.057915483260334E-003  7.404758734416437E-004  8.425647304757429E-004
  3.657513177652594E-002  0.647804303549542     
 Mean drag value and variance:  4.423654178977545E-003  7.634201603293049E-008
    5  0.4423731E-02  0.1601098E-01  0.2079978E-02  0.1859067E-01  0.1052804E-04
 Calc con -7.070150836458180E-004 -1.164698236079647E-003
  2.860990783914812E-003  2.402241233525291E-003  2.147567641739151E-003
  2.029778584881709E-003  2.007497227403410E-003 -1.389255742210493E-003
  3.062015533531760E-003  9.947535965824209E-003  4.811341859241754E-003
  2.663933407909374E-003 -1.034682222039388E-003 -7.506328488912477E-004
  5.885860057647110E-002  0.648870141793190     
 Design variables: -7.070150836458180E-004 -1.164698236079647E-003
  2.860990783914812E-003  2.402241233525291E-003  2.147567641739151E-003
  2.029778584881709E-003  2.007497227403410E-003 -1.389255742210493E-003
  3.062015533531760E-003  9.947535965824209E-003  4.811341859241754E-003
  2.663933407909374E-003 -1.034682222039388E-003 -7.506328488912477E-004
  5.885860057647110E-002  0.648870141793190     
 Constraint value, mean lift and its standard deviation: -2.074906175254346E-002
  0.666521831439162       2.288638484330945E-002
 Calc obj -7.070150836458180E-004 -1.164698236079647E-003
  2.860990783914812E-003  2.402241233525291E-003  2.147567641739151E-003
  2.029778584881709E-003  2.007497227403410E-003 -1.389255742210493E-003
  3.062015533531760E-003  9.947535965824209E-003  4.811341859241754E-003
  2.663933407909374E-003 -1.034682222039388E-003 -7.506328488912477E-004
  5.885860057647110E-002  0.648870141793190     
 Design variables: -7.070150836458180E-004 -1.164698236079647E-003
  2.860990783914812E-003  2.402241233525291E-003  2.147567641739151E-003
  2.029778584881709E-003  2.007497227403410E-003 -1.389255742210493E-003
  3.062015533531760E-003  9.947535965824209E-003  4.811341859241754E-003
  2.663933407909374E-003 -1.034682222039388E-003 -7.506328488912477E-004
  5.885860057647110E-002  0.648870141793190     
 Mean drag value and variance:  5.119629230272249E-003  2.394844581335612E-007
 Calc con -7.403336791833041E-004 -1.203837877283950E-003
  2.744654568081012E-003  2.289334177165462E-003  2.040657565752744E-003
  1.931235769222152E-003  1.921065004752988E-003 -1.442850952772689E-003
  3.109097006246109E-003  9.947535965824209E-003  4.708685677600377E-003
  2.521685332046336E-003 -1.072331135608367E-003 -7.843624562406837E-004
  5.892409012923060E-002  0.648862984667927     
 Design variables: -7.403336791833041E-004 -1.203837877283950E-003
  2.744654568081012E-003  2.289334177165462E-003  2.040657565752744E-003
  1.931235769222152E-003  1.921065004752988E-003 -1.442850952772689E-003
  3.109097006246109E-003  9.947535965824209E-003  4.708685677600377E-003
  2.521685332046336E-003 -1.072331135608367E-003 -7.843624562406837E-004
  5.892409012923060E-002  0.648862984667927     
 Constraint value, mean lift and its standard deviation: -1.817255868232111E-002
  0.662454021047611       2.214073118264494E-002
 Calc obj -7.403336791833041E-004 -1.203837877283950E-003
  2.744654568081012E-003  2.289334177165462E-003  2.040657565752744E-003
  1.931235769222152E-003  1.921065004752988E-003 -1.442850952772689E-003
  3.109097006246109E-003  9.947535965824209E-003  4.708685677600377E-003
  2.521685332046336E-003 -1.072331135608367E-003 -7.843624562406837E-004
  5.892409012923060E-002  0.648862984667927     
 Design variables: -7.403336791833041E-004 -1.203837877283950E-003
  2.744654568081012E-003  2.289334177165462E-003  2.040657565752744E-003
  1.931235769222152E-003  1.921065004752988E-003 -1.442850952772689E-003
  3.109097006246109E-003  9.947535965824209E-003  4.708685677600377E-003
  2.521685332046336E-003 -1.072331135608367E-003 -7.843624562406837E-004
  5.892409012923060E-002  0.648862984667927     
 Mean drag value and variance:  5.111860673565086E-003  2.132344716179598E-007
 Calc con -7.475417667992790E-004 -1.212305279901236E-003
  2.719486591366701E-003  2.264908058910033E-003  2.017528823910264E-003
  1.909917186078395E-003  1.902366406458014E-003 -1.454445648386363E-003
  3.119282531023938E-003  9.947535965824209E-003  4.686477215939346E-003
  2.490911628128594E-003 -1.080476036774629E-003 -7.916594614446883E-004
  5.893825802636522E-002  0.648861436307765     
 Design variables: -7.475417667992790E-004 -1.212305279901236E-003
  2.719486591366701E-003  2.264908058910033E-003  2.017528823910264E-003
  1.909917186078395E-003  1.902366406458014E-003 -1.454445648386363E-003
  3.119282531023938E-003  9.947535965824209E-003  4.686477215939346E-003
  2.490911628128594E-003 -1.080476036774629E-003 -7.916594614446883E-004
  5.893825802636522E-002  0.648861436307765     
 Constraint value, mean lift and its standard deviation: -1.610758961708354E-002
  0.661674036623482       2.278322350319908E-002
 Calc obj -7.475417667992790E-004 -1.212305279901236E-003
  2.719486591366701E-003  2.264908058910033E-003  2.017528823910264E-003
  1.909917186078395E-003  1.902366406458014E-003 -1.454445648386363E-003
  3.119282531023938E-003  9.947535965824209E-003  4.686477215939346E-003
  2.490911628128594E-003 -1.080476036774629E-003 -7.916594614446883E-004
  5.893825802636522E-002  0.648861436307765     
 Design variables: -7.475417667992790E-004 -1.212305279901236E-003
  2.719486591366701E-003  2.264908058910033E-003  2.017528823910264E-003
  1.909917186078395E-003  1.902366406458014E-003 -1.454445648386363E-003
  3.119282531023938E-003  9.947535965824209E-003  4.686477215939346E-003
  2.490911628128594E-003 -1.080476036774629E-003 -7.916594614446883E-004
  5.893825802636522E-002  0.648861436307765     
 Mean drag value and variance:  5.157707535646996E-003  3.124391049197898E-007
 Calc con -7.414600477088787E-004 -1.205161032094158E-003
  2.740721705672323E-003  2.285517240930683E-003  2.037043363451739E-003
  1.927904430545059E-003  1.918143076813996E-003 -1.444662792597425E-003
  3.110688642632545E-003  9.947535965824209E-003  4.705215282462425E-003
  2.516876493231518E-003 -1.073603894876341E-003 -7.855027194326194E-004
  5.892630406921804E-002  0.648862742714132     
 Design variables: -7.414600477088787E-004 -1.205161032094158E-003
  2.740721705672323E-003  2.285517240930683E-003  2.037043363451739E-003
  1.927904430545059E-003  1.918143076813996E-003 -1.444662792597425E-003
  3.110688642632545E-003  9.947535965824209E-003  4.705215282462425E-003
  2.516876493231518E-003 -1.073603894876341E-003 -7.855027194326194E-004
  5.892630406921804E-002  0.648862742714132     
 Constraint value, mean lift and its standard deviation: -1.814398248486113E-002
  0.662458965239014       2.215749137707658E-002
 Calc obj -7.414600477088787E-004 -1.205161032094158E-003
  2.740721705672323E-003  2.285517240930683E-003  2.037043363451739E-003
  1.927904430545059E-003  1.918143076813996E-003 -1.444662792597425E-003
  3.110688642632545E-003  9.947535965824209E-003  4.705215282462425E-003
  2.516876493231518E-003 -1.073603894876341E-003 -7.855027194326194E-004
  5.892630406921804E-002  0.648862742714132     
 Design variables: -7.414600477088787E-004 -1.205161032094158E-003
  2.740721705672323E-003  2.285517240930683E-003  2.037043363451739E-003
  1.927904430545059E-003  1.918143076813996E-003 -1.444662792597425E-003
  3.110688642632545E-003  9.947535965824209E-003  4.705215282462425E-003
  2.516876493231518E-003 -1.073603894876341E-003 -7.855027194326194E-004
  5.892630406921804E-002  0.648862742714132     
 Mean drag value and variance:  5.172618616219620E-003  3.066198703464585E-007
 Calc con  8.141353167261426E-005 -2.421545467794096E-004
  5.551731902473050E-003  4.956255191104587E-003  4.505294730995458E-003
  4.140088518600846E-003  3.787811150932616E-003  2.171542589959254E-003
  3.440558675376063E-003  7.350071274122563E-003  5.973368293223697E-003
  5.860924445584854E-003 -1.471031742988724E-004  4.596594079224762E-005
  4.771686617649852E-002  0.648337222671366     
 Design variables:  8.141353167261426E-005 -2.421545467794096E-004
  5.551731902473050E-003  4.956255191104587E-003  4.505294730995458E-003
  4.140088518600846E-003  3.787811150932616E-003  2.171542589959254E-003
  3.440558675376063E-003  7.350071274122563E-003  5.973368293223697E-003
  5.860924445584854E-003 -1.471031742988724E-004  4.596594079224762E-005
  4.771686617649852E-002  0.648337222671366     
 Constraint value, mean lift and its standard deviation: -1.278837882834948E-002
  0.657608018528022       2.240981984983626E-002
 Calc obj  8.141353167261426E-005 -2.421545467794096E-004
  5.551731902473050E-003  4.956255191104587E-003  4.505294730995458E-003
  4.140088518600846E-003  3.787811150932616E-003  2.171542589959254E-003
  3.440558675376063E-003  7.350071274122563E-003  5.973368293223697E-003
  5.860924445584854E-003 -1.471031742988724E-004  4.596594079224762E-005
  4.771686617649852E-002  0.648337222671366     
 Design variables:  8.141353167261426E-005 -2.421545467794096E-004
  5.551731902473050E-003  4.956255191104587E-003  4.505294730995458E-003
  4.140088518600846E-003  3.787811150932616E-003  2.171542589959254E-003
  3.440558675376063E-003  7.350071274122563E-003  5.973368293223697E-003
  5.860924445584854E-003 -1.471031742988724E-004  4.596594079224762E-005
  4.771686617649852E-002  0.648337222671366     
 Mean drag value and variance:  4.702337290140256E-003  1.451900937660213E-007
    6  0.4702482E-02  0.3661107E-01  0.4732099E-02  0.2911133E-01  0.1524338E-03
 Calc con  3.637993085435180E-004  2.285656210569950E-004
  6.559641958926426E-003  6.136131036403300E-003  5.773072507622769E-003
  5.444123694372348E-003  5.079132538557919E-003  4.513325184196319E-003
  5.370106737276961E-003  6.723191544637895E-003  7.341855167248703E-003
  7.520932538396068E-003  2.656797639297438E-004  3.490484673284325E-004
  4.037448170767083E-002  0.647566479704304     
 Design variables:  3.637993085435180E-004  2.285656210569950E-004
  6.559641958926426E-003  6.136131036403300E-003  5.773072507622769E-003
  5.444123694372348E-003  5.079132538557919E-003  4.513325184196319E-003
  5.370106737276961E-003  6.723191544637895E-003  7.341855167248703E-003
  7.520932538396068E-003  2.656797639297438E-004  3.490484673284325E-004
  4.037448170767083E-002  0.647566479704304     
 Constraint value, mean lift and its standard deviation: -8.450709594245466E-003
  0.653029604133521       2.228944726963776E-002
 Calc obj  3.637993085435180E-004  2.285656210569950E-004
  6.559641958926426E-003  6.136131036403300E-003  5.773072507622769E-003
  5.444123694372348E-003  5.079132538557919E-003  4.513325184196319E-003
  5.370106737276961E-003  6.723191544637895E-003  7.341855167248703E-003
  7.520932538396068E-003  2.656797639297438E-004  3.490484673284325E-004
  4.037448170767083E-002  0.647566479704304     
 Design variables:  3.637993085435180E-004  2.285656210569950E-004
  6.559641958926426E-003  6.136131036403300E-003  5.773072507622769E-003
  5.444123694372348E-003  5.079132538557919E-003  4.513325184196319E-003
  5.370106737276961E-003  6.723191544637895E-003  7.341855167248703E-003
  7.520932538396068E-003  2.656797639297438E-004  3.490484673284325E-004
  4.037448170767083E-002  0.647566479704304     
 Mean drag value and variance:  4.705007843751949E-003  2.011030810589443E-007
    7  0.4705209E-02  0.7342384E-02  0.2826095E-02  0.2312159E-01  0.1162598E-03
 Calc con  4.744103686428851E-004  3.484666670200054E-004
  7.437379878085343E-003  7.117620156193639E-003  6.825007062511800E-003
  6.544981692302759E-003  6.217779131569033E-003  6.338730563985493E-003
  6.762450192894318E-003  7.501706631029490E-003  8.099248871980389E-003
  8.305438801725610E-003  3.747329820348893E-004  4.645460612780335E-004
  3.501783988439672E-002  0.646558707522855     
 Design variables:  4.744103686428851E-004  3.484666670200054E-004
  7.437379878085343E-003  7.117620156193639E-003  6.825007062511800E-003
  6.544981692302759E-003  6.217779131569033E-003  6.338730563985493E-003
  6.762450192894318E-003  7.501706631029490E-003  8.099248871980389E-003
  8.305438801725610E-003  3.747329820348893E-004  4.645460612780335E-004
  3.501783988439672E-002  0.646558707522855     
 Constraint value, mean lift and its standard deviation: -5.631285840304055E-003
  0.650101454086785       2.223508412324070E-002
 Calc obj  4.744103686428851E-004  3.484666670200054E-004
  7.437379878085343E-003  7.117620156193639E-003  6.825007062511800E-003
  6.544981692302759E-003  6.217779131569033E-003  6.338730563985493E-003
  6.762450192894318E-003  7.501706631029490E-003  8.099248871980389E-003
  8.305438801725610E-003  3.747329820348893E-004  4.645460612780335E-004
  3.501783988439672E-002  0.646558707522855     
 Design variables:  4.744103686428851E-004  3.484666670200054E-004
  7.437379878085343E-003  7.117620156193639E-003  6.825007062511800E-003
  6.544981692302759E-003  6.217779131569033E-003  6.338730563985493E-003
  6.762450192894318E-003  7.501706631029490E-003  8.099248871980389E-003
  8.305438801725610E-003  3.747329820348893E-004  4.645460612780335E-004
  3.501783988439672E-002  0.646558707522855     
 Mean drag value and variance:  4.725368130423568E-003  2.258101773566521E-007
 Calc con  4.771742417054161E-004  3.507329103536525E-004
  7.460256626012466E-003  7.142564232753687E-003  6.851120243066796E-003
  6.571389393584991E-003  6.243619618776038E-003  6.266389322328460E-003
  6.755233354138942E-003  7.535950815092286E-003  8.138868634095155E-003
  8.336418807160005E-003  3.770412235546994E-004  4.671854800128897E-004
  3.528238266352036E-002  0.646574097897930     
 Design variables:  4.771742417054161E-004  3.507329103536525E-004
  7.460256626012466E-003  7.142564232753687E-003  6.851120243066796E-003
  6.571389393584991E-003  6.243619618776038E-003  6.266389322328460E-003
  6.755233354138942E-003  7.535950815092286E-003  8.138868634095155E-003
  8.336418807160005E-003  3.770412235546994E-004  4.671854800128897E-004
  3.528238266352036E-002  0.646574097897930     
 Constraint value, mean lift and its standard deviation: -9.392457248222713E-003
  0.653549942210190       2.207874248098372E-002
 Calc obj  4.771742417054161E-004  3.507329103536525E-004
  7.460256626012466E-003  7.142564232753687E-003  6.851120243066796E-003
  6.571389393584991E-003  6.243619618776038E-003  6.266389322328460E-003
  6.755233354138942E-003  7.535950815092286E-003  8.138868634095155E-003
  8.336418807160005E-003  3.770412235546994E-004  4.671854800128897E-004
  3.528238266352036E-002  0.646574097897930     
 Design variables:  4.771742417054161E-004  3.507329103536525E-004
  7.460256626012466E-003  7.142564232753687E-003  6.851120243066796E-003
  6.571389393584991E-003  6.243619618776038E-003  6.266389322328460E-003
  6.755233354138942E-003  7.535950815092286E-003  8.138868634095155E-003
  8.336418807160005E-003  3.770412235546994E-004  4.671854800128897E-004
  3.528238266352036E-002  0.646574097897930     
 Mean drag value and variance:  4.781933500938387E-003  3.375415487557060E-007
    8  0.4782271E-02  0.5356642E-02  0.4650290E-03  0.2845207E-01  0.1162598E-03
 Calc con  6.331731396047428E-004  4.821925429582548E-004
  8.307686370325123E-003  8.064321543838453E-003  7.840059943311002E-003
  7.626265240562268E-003  7.373638247459817E-003  7.675204772983227E-003
  7.125554744280177E-003  7.512914860693443E-003  8.438981926335644E-003
  8.965688161640162E-003  5.216513250754512E-004  6.216996232485249E-004
  3.118720550580556E-002  0.644001256718034     
 Design variables:  6.331731396047428E-004  4.821925429582548E-004
  8.307686370325123E-003  8.064321543838453E-003  7.840059943311002E-003
  7.626265240562268E-003  7.373638247459817E-003  7.675204772983227E-003
  7.125554744280177E-003  7.512914860693443E-003  8.438981926335644E-003
  8.965688161640162E-003  5.216513250754512E-004  6.216996232485249E-004
  3.118720550580556E-002  0.644001256718034     
 Constraint value, mean lift and its standard deviation: -2.493854024787627E-003
  0.645806415607868       2.165628079154014E-002
 Calc obj  6.331731396047428E-004  4.821925429582548E-004
  8.307686370325123E-003  8.064321543838453E-003  7.840059943311002E-003
  7.626265240562268E-003  7.373638247459817E-003  7.675204772983227E-003
  7.125554744280177E-003  7.512914860693443E-003  8.438981926335644E-003
  8.965688161640162E-003  5.216513250754512E-004  6.216996232485249E-004
  3.118720550580556E-002  0.644001256718034     
 Design variables:  6.331731396047428E-004  4.821925429582548E-004
  8.307686370325123E-003  8.064321543838453E-003  7.840059943311002E-003
  7.626265240562268E-003  7.373638247459817E-003  7.675204772983227E-003
  7.125554744280177E-003  7.512914860693443E-003  8.438981926335644E-003
  8.965688161640162E-003  5.216513250754512E-004  6.216996232485249E-004
  3.118720550580556E-002  0.644001256718034     
 Mean drag value and variance:  4.588418059391204E-003  1.797136985016473E-007
    9  0.4588598E-02  0.5210169E-02  0.1223405E-02  0.2336544E-01  0.1486824E-04
 Calc con  7.515985904220135E-004  6.203889274998671E-004
  8.526942792542947E-003  8.353290298589706E-003  8.219550570046367E-003
  8.122572890640693E-003  8.043229039668958E-003  8.594441009444155E-003
  8.704781295817875E-003  9.901317727145370E-003  8.740627169250817E-003
  8.863271252387915E-003  6.383238335179113E-004  7.341668465848186E-004
  2.777690730208229E-002  0.639466871715038     
 Design variables:  7.515985904220135E-004  6.203889274998671E-004
  8.526942792542947E-003  8.353290298589706E-003  8.219550570046367E-003
  8.122572890640693E-003  8.043229039668958E-003  8.594441009444155E-003
  8.704781295817875E-003  9.901317727145370E-003  8.740627169250817E-003
  8.863271252387915E-003  6.383238335179113E-004  7.341668465848186E-004
  2.777690730208229E-002  0.639466871715038     
 Constraint value, mean lift and its standard deviation: -2.630177789990064E-003
  0.644043347731037       2.070658497052331E-002
 Calc obj  7.515985904220135E-004  6.203889274998671E-004
  8.526942792542947E-003  8.353290298589706E-003  8.219550570046367E-003
  8.122572890640693E-003  8.043229039668958E-003  8.594441009444155E-003
  8.704781295817875E-003  9.901317727145370E-003  8.740627169250817E-003
  8.863271252387915E-003  6.383238335179113E-004  7.341668465848186E-004
  2.777690730208229E-002  0.639466871715038     
 Design variables:  7.515985904220135E-004  6.203889274998671E-004
  8.526942792542947E-003  8.353290298589706E-003  8.219550570046367E-003
  8.122572890640693E-003  8.043229039668958E-003  8.594441009444155E-003
  8.704781295817875E-003  9.901317727145370E-003  8.740627169250817E-003
  8.863271252387915E-003  6.383238335179113E-004  7.341668465848186E-004
  2.777690730208229E-002  0.639466871715038     
 Mean drag value and variance:  4.765770179352410E-003  2.579794546615930E-007
 Calc con  7.558795444338516E-004  6.253254037066420E-004
  8.540018398782793E-003  8.367778156988560E-003  8.234979277691581E-003
  8.138453897399974E-003  8.059140843315762E-003  8.582491222669887E-003
  8.696183125729427E-003  9.930389055713860E-003  8.766515590261280E-003
  8.875500356902506E-003  6.431389642462914E-004  7.384133291681457E-004
  2.783395824312311E-002  0.639479839247557     
 Design variables:  7.558795444338516E-004  6.253254037066420E-004
  8.540018398782793E-003  8.367778156988560E-003  8.234979277691581E-003
  8.138453897399974E-003  8.059140843315762E-003  8.582491222669887E-003
  8.696183125729427E-003  9.930389055713860E-003  8.766515590261280E-003
  8.875500356902506E-003  6.431389642462914E-004  7.384133291681457E-004
  2.783395824312311E-002  0.639479839247557     
 Constraint value, mean lift and its standard deviation: -2.795629560520839E-003
  0.645299444695448       2.125190756746347E-002
 Calc obj  7.558795444338516E-004  6.253254037066420E-004
  8.540018398782793E-003  8.367778156988560E-003  8.234979277691581E-003
  8.138453897399974E-003  8.059140843315762E-003  8.582491222669887E-003
  8.696183125729427E-003  9.930389055713860E-003  8.766515590261280E-003
  8.875500356902506E-003  6.431389642462914E-004  7.384133291681457E-004
  2.783395824312311E-002  0.639479839247557     
 Design variables:  7.558795444338516E-004  6.253254037066420E-004
  8.540018398782793E-003  8.367778156988560E-003  8.234979277691581E-003
  8.138453897399974E-003  8.059140843315762E-003  8.582491222669887E-003
  8.696183125729427E-003  9.930389055713860E-003  8.766515590261280E-003
  8.875500356902506E-003  6.431389642462914E-004  7.384133291681457E-004
  2.783395824312311E-002  0.639479839247557     
 Mean drag value and variance:  4.787172935155727E-003  3.356317086785505E-007
   10  0.4787509E-02  0.4534385E-02  0.1107811E-02  0.5669725E-01  0.3447365E-04
 Calc con  1.066610255086369E-003  9.393355678487464E-004
  9.808947185476874E-003  9.718251489550840E-003  9.618149662250729E-003
  9.516223484276450E-003  9.402005648798516E-003  9.886856881122152E-003
  9.654573198870552E-003  8.692739327191995E-003  9.590280381891750E-003
  9.938889139455193E-003  9.851778736929926E-004  1.060883967068208E-003
  2.278895809284563E-002  0.635649178036786     
 Design variables:  1.066610255086369E-003  9.393355678487464E-004
  9.808947185476874E-003  9.718251489550840E-003  9.618149662250729E-003
  9.516223484276450E-003  9.402005648798516E-003  9.886856881122152E-003
  9.654573198870552E-003  8.692739327191995E-003  9.590280381891750E-003
  9.938889139455193E-003  9.851778736929926E-004  1.060883967068208E-003
  2.278895809284563E-002  0.635649178036786     
 Constraint value, mean lift and its standard deviation:  8.761282504224643E-004
  0.640941771284334       2.090894976737832E-002
 Calc obj  1.066610255086369E-003  9.393355678487464E-004
  9.808947185476874E-003  9.718251489550840E-003  9.618149662250729E-003
  9.516223484276450E-003  9.402005648798516E-003  9.886856881122152E-003
  9.654573198870552E-003  8.692739327191995E-003  9.590280381891750E-003
  9.938889139455193E-003  9.851778736929926E-004  1.060883967068208E-003
  2.278895809284563E-002  0.635649178036786     
 Design variables:  1.066610255086369E-003  9.393355678487464E-004
  9.808947185476874E-003  9.718251489550840E-003  9.618149662250729E-003
  9.516223484276450E-003  9.402005648798516E-003  9.886856881122152E-003
  9.654573198870552E-003  8.692739327191995E-003  9.590280381891750E-003
  9.938889139455193E-003  9.851778736929926E-004  1.060883967068208E-003
  2.278895809284563E-002  0.635649178036786     
 Mean drag value and variance:  4.651875819318563E-003  1.821901591510320E-007
 Calc con  1.072055483529891E-003  9.451729347479156E-004
  9.829907120732444E-003  9.740909094018159E-003  9.641407586745835E-003
  9.538968974351299E-003  9.423088341552385E-003  9.860127968196299E-003
  9.646398117423079E-003  8.694065749489950E-003  9.629479056421532E-003
  9.972006744411437E-003  9.912588995681462E-004  1.066387219509311E-003
  2.292176640344298E-002  0.635697238865313     
 Design variables:  1.072055483529891E-003  9.451729347479156E-004
  9.829907120732444E-003  9.740909094018159E-003  9.641407586745835E-003
  9.538968974351299E-003  9.423088341552385E-003  9.860127968196299E-003
  9.646398117423079E-003  8.694065749489950E-003  9.629479056421532E-003
  9.972006744411437E-003  9.912588995681462E-004  1.066387219509311E-003
  2.292176640344298E-002  0.635697238865313     
 Constraint value, mean lift and its standard deviation: -8.748873082996128E-004
  0.642949670549717       2.103739162070847E-002
 Calc obj  1.072055483529891E-003  9.451729347479156E-004
  9.829907120732444E-003  9.740909094018159E-003  9.641407586745835E-003
  9.538968974351299E-003  9.423088341552385E-003  9.860127968196299E-003
  9.646398117423079E-003  8.694065749489950E-003  9.629479056421532E-003
  9.972006744411437E-003  9.912588995681462E-004  1.066387219509311E-003
  2.292176640344298E-002  0.635697238865313     
 Design variables:  1.072055483529891E-003  9.451729347479156E-004
  9.829907120732444E-003  9.740909094018159E-003  9.641407586745835E-003
  9.538968974351299E-003  9.423088341552385E-003  9.860127968196299E-003
  9.646398117423079E-003  8.694065749489950E-003  9.629479056421532E-003
  9.972006744411437E-003  9.912588995681462E-004  1.066387219509311E-003
  2.292176640344298E-002  0.635697238865313     
 Mean drag value and variance:  4.719136057975373E-003  2.659512623450940E-007
   11  0.4719402E-02  0.5045000E-02  0.4131335E-03  0.2724137E-01  0.2632465E-04
 Calc con  1.182314805886688E-003  1.141914267316582E-003
  9.823958619914502E-003  9.804625687380308E-003  9.786387225718500E-003
  9.766432568813746E-003  9.739275411016143E-003  9.855043412326146E-003
  9.931006870887804E-003  9.986950557494899E-003  9.851417991822030E-003
  9.855397684511645E-003  1.150988185158936E-003  1.179761909792345E-003
  2.162014926416193E-002  0.631551576188233     
 Design variables:  1.182314805886688E-003  1.141914267316582E-003
  9.823958619914502E-003  9.804625687380308E-003  9.786387225718500E-003
  9.766432568813746E-003  9.739275411016143E-003  9.855043412326146E-003
  9.931006870887804E-003  9.986950557494899E-003  9.851417991822030E-003
  9.855397684511645E-003  1.150988185158936E-003  1.179761909792345E-003
  2.162014926416193E-002  0.631551576188233     
 Constraint value, mean lift and its standard deviation:  1.005376570996627E-003
  0.641201206129593       2.110329135029498E-002
 Calc obj  1.182314805886688E-003  1.141914267316582E-003
  9.823958619914502E-003  9.804625687380308E-003  9.786387225718500E-003
  9.766432568813746E-003  9.739275411016143E-003  9.855043412326146E-003
  9.931006870887804E-003  9.986950557494899E-003  9.851417991822030E-003
  9.855397684511645E-003  1.150988185158936E-003  1.179761909792345E-003
  2.162014926416193E-002  0.631551576188233     
 Design variables:  1.182314805886688E-003  1.141914267316582E-003
  9.823958619914502E-003  9.804625687380308E-003  9.786387225718500E-003
  9.766432568813746E-003  9.739275411016143E-003  9.855043412326146E-003
  9.931006870887804E-003  9.986950557494899E-003  9.851417991822030E-003
  9.855397684511645E-003  1.150988185158936E-003  1.179761909792345E-003
  2.162014926416193E-002  0.631551576188233     
 Mean drag value and variance:  4.721213274448784E-003  2.400981612729107E-007
 Calc con  1.183631614143212E-003  1.144115358830414E-003
  9.825718906856669E-003  9.807254230736502E-003  9.790030003905447E-003
  9.771108907287553E-003  9.744988340514535E-003  9.849807454081285E-003
  9.919814326144871E-003  9.986950557494899E-003  9.861474153390526E-003
  9.856506112474092E-003  1.153189713113081E-003  1.181091209081100E-003
  2.175398388402311E-002  0.631669587396435     
 Design variables:  1.183631614143212E-003  1.144115358830414E-003
  9.825718906856669E-003  9.807254230736502E-003  9.790030003905447E-003
  9.771108907287553E-003  9.744988340514535E-003  9.849807454081285E-003
  9.919814326144871E-003  9.986950557494899E-003  9.861474153390526E-003
  9.856506112474092E-003  1.153189713113081E-003  1.181091209081100E-003
  2.175398388402311E-002  0.631669587396435     
 Constraint value, mean lift and its standard deviation: -1.087652056882757E-003
  0.642870229076661       2.089128850988937E-002
 Calc obj  1.183631614143212E-003  1.144115358830414E-003
  9.825718906856669E-003  9.807254230736502E-003  9.790030003905447E-003
  9.771108907287553E-003  9.744988340514535E-003  9.849807454081285E-003
  9.919814326144871E-003  9.986950557494899E-003  9.861474153390526E-003
  9.856506112474092E-003  1.153189713113081E-003  1.181091209081100E-003
  2.175398388402311E-002  0.631669587396435     
 Design variables:  1.183631614143212E-003  1.144115358830414E-003
  9.825718906856669E-003  9.807254230736502E-003  9.790030003905447E-003
  9.771108907287553E-003  9.744988340514535E-003  9.849807454081285E-003
  9.919814326144871E-003  9.986950557494899E-003  9.861474153390526E-003
  9.856506112474092E-003  1.153189713113081E-003  1.181091209081100E-003
  2.175398388402311E-002  0.631669587396435     
 Mean drag value and variance:  4.729073481539971E-003  2.366662088031533E-007
 Calc con  1.183112507443793E-003  1.143247653646152E-003
  9.825024973825756E-003  9.806218017256556E-003  9.788593962969362E-003
  9.769265420494029E-003  9.742736213098693E-003  9.851871551864179E-003
  9.924226604797304E-003  9.986950557494899E-003  9.857509855008596E-003
  9.856069152591527E-003  1.152321835877126E-003  1.180567178218667E-003
  2.170122415424471E-002  0.631623065506494     
 Design variables:  1.183112507443793E-003  1.143247653646152E-003
  9.825024973825756E-003  9.806218017256556E-003  9.788593962969362E-003
  9.769265420494029E-003  9.742736213098693E-003  9.851871551864179E-003
  9.924226604797304E-003  9.986950557494899E-003  9.857509855008596E-003
  9.856069152591527E-003  1.152321835877126E-003  1.180567178218667E-003
  2.170122415424471E-002  0.631623065506494     
 Constraint value, mean lift and its standard deviation: -2.888907126698606E-004
  0.642363600033644       2.103735466048692E-002
 Calc obj  1.183112507443793E-003  1.143247653646152E-003
  9.825024973825756E-003  9.806218017256556E-003  9.788593962969362E-003
  9.769265420494029E-003  9.742736213098693E-003  9.851871551864179E-003
  9.924226604797304E-003  9.986950557494899E-003  9.857509855008596E-003
  9.856069152591527E-003  1.152321835877126E-003  1.180567178218667E-003
  2.170122415424471E-002  0.631623065506494     
 Design variables:  1.183112507443793E-003  1.143247653646152E-003
  9.825024973825756E-003  9.806218017256556E-003  9.788593962969362E-003
  9.769265420494029E-003  9.742736213098693E-003  9.851871551864179E-003
  9.924226604797304E-003  9.986950557494899E-003  9.857509855008596E-003
  9.856069152591527E-003  1.152321835877126E-003  1.180567178218667E-003
  2.170122415424471E-002  0.631623065506494     
 Mean drag value and variance:  4.620844683702113E-003  1.420455180247162E-007
   12  0.4620987E-02  0.4152000E-02  0.2136891E-03  0.5919331E-01  0.7753866E-05
 Calc con  7.604299278476025E-004  5.651918246765899E-004
  8.825737823479212E-003  8.639703999880234E-003  8.465224222270459E-003
  8.300219728290127E-003  8.114605224495496E-003  8.712512894273170E-003
  8.763026453805649E-003  8.542026583481716E-003  9.116981451308435E-003
  9.246366810190785E-003  6.168238474006677E-004  7.450143829652868E-004
  3.013639232996652E-002  0.623784167608561     
 Design variables:  7.604299278476025E-004  5.651918246765899E-004
  8.825737823479212E-003  8.639703999880234E-003  8.465224222270459E-003
  8.300219728290127E-003  8.114605224495496E-003  8.712512894273170E-003
  8.763026453805649E-003  8.542026583481716E-003  9.116981451308435E-003
  9.246366810190785E-003  6.168238474006677E-004  7.450143829652868E-004
  3.013639232996652E-002  0.623784167608561     
 Constraint value, mean lift and its standard deviation: -7.533021461426766E-003
  0.648158693697079       2.031283611782630E-002
 Calc obj  7.604299278476025E-004  5.651918246765899E-004
  8.825737823479212E-003  8.639703999880234E-003  8.465224222270459E-003
  8.300219728290127E-003  8.114605224495496E-003  8.712512894273170E-003
  8.763026453805649E-003  8.542026583481716E-003  9.116981451308435E-003
  9.246366810190785E-003  6.168238474006677E-004  7.450143829652868E-004
  3.013639232996652E-002  0.623784167608561     
 Design variables:  7.604299278476025E-004  5.651918246765899E-004
  8.825737823479212E-003  8.639703999880234E-003  8.465224222270459E-003
  8.300219728290127E-003  8.114605224495496E-003  8.712512894273170E-003
  8.763026453805649E-003  8.542026583481716E-003  9.116981451308435E-003
  9.246366810190785E-003  6.168238474006677E-004  7.450143829652868E-004
  3.013639232996652E-002  0.623784167608561     
 Mean drag value and variance:  4.524109199145449E-003  4.908272965169742E-008
   13  0.4524158E-02  0.8435168E-02  0.3684869E-02  0.1936944E+00  0.6089183E-04
 Calc con  6.483743928316546E-004  4.592823885607367E-004
  8.388821661640627E-003  8.151442511440871E-003  7.933449215019851E-003
  7.727323159874343E-003  7.491157411973571E-003  6.366096466425787E-003
  8.560130663192307E-003  8.383569532399777E-003  8.828982968174822E-003
  8.933627322362117E-003  4.996306529911425E-004  6.322158737290056E-004
  3.354108827595974E-002  0.618880298411406     
 Design variables:  6.483743928316546E-004  4.592823885607367E-004
  8.388821661640627E-003  8.151442511440871E-003  7.933449215019851E-003
  7.727323159874343E-003  7.491157411973571E-003  6.366096466425787E-003
  8.560130663192307E-003  8.383569532399777E-003  8.828982968174822E-003
  8.933627322362117E-003  4.996306529911425E-004  6.322158737290056E-004
  3.354108827595974E-002  0.618880298411406     
 Constraint value, mean lift and its standard deviation: -7.266052039090774E-003
  0.646639897616756       1.968692278883279E-002
 Calc obj  6.483743928316546E-004  4.592823885607367E-004
  8.388821661640627E-003  8.151442511440871E-003  7.933449215019851E-003
  7.727323159874343E-003  7.491157411973571E-003  6.366096466425787E-003
  8.560130663192307E-003  8.383569532399777E-003  8.828982968174822E-003
  8.933627322362117E-003  4.996306529911425E-004  6.322158737290056E-004
  3.354108827595974E-002  0.618880298411406     
 Design variables:  6.483743928316546E-004  4.592823885607367E-004
  8.388821661640627E-003  8.151442511440871E-003  7.933449215019851E-003
  7.727323159874343E-003  7.491157411973571E-003  6.366096466425787E-003
  8.560130663192307E-003  8.383569532399777E-003  8.828982968174822E-003
  8.933627322362117E-003  4.996306529911425E-004  6.322158737290056E-004
  3.354108827595974E-002  0.618880298411406     
 Mean drag value and variance:  4.425382040866173E-003  3.833160932956349E-008
   14  0.4425420E-02  0.4903869E-02  0.2115467E-02  0.3212623E-01  0.6938849E-04
 Calc con  5.826867673489754E-004  4.522636754334039E-004
  7.842073527118496E-003  7.573100476985494E-003  7.333545223478929E-003
  7.112652296099446E-003  6.865235925688166E-003  6.815015412929805E-003
  7.847600093872895E-003  7.738567964164405E-003  7.586614489835468E-003
  7.858525731712250E-003  4.806650351415518E-004  5.688558805459873E-004
  3.663058419948428E-002  0.620533879161171     
 Design variables:  5.826867673489754E-004  4.522636754334039E-004
  7.842073527118496E-003  7.573100476985494E-003  7.333545223478929E-003
  7.112652296099446E-003  6.865235925688166E-003  6.815015412929805E-003
  7.847600093872895E-003  7.738567964164405E-003  7.586614489835468E-003
  7.858525731712250E-003  4.806650351415518E-004  5.688558805459873E-004
  3.663058419948428E-002  0.620533879161171     
 Constraint value, mean lift and its standard deviation: -8.466867343888344E-003
  0.648058180066794       1.979565636145281E-002
 Calc obj  5.826867673489754E-004  4.522636754334039E-004
  7.842073527118496E-003  7.573100476985494E-003  7.333545223478929E-003
  7.112652296099446E-003  6.865235925688166E-003  6.815015412929805E-003
  7.847600093872895E-003  7.738567964164405E-003  7.586614489835468E-003
  7.858525731712250E-003  4.806650351415518E-004  5.688558805459873E-004
  3.663058419948428E-002  0.620533879161171     
 Design variables:  5.826867673489754E-004  4.522636754334039E-004
  7.842073527118496E-003  7.573100476985494E-003  7.333545223478929E-003
  7.112652296099446E-003  6.865235925688166E-003  6.815015412929805E-003
  7.847600093872895E-003  7.738567964164405E-003  7.586614489835468E-003
  7.858525731712250E-003  4.806650351415518E-004  5.688558805459873E-004
  3.663058419948428E-002  0.620533879161171     
 Mean drag value and variance:  4.445671971734037E-003  4.427496922914685E-008
   15  0.4445716E-02  0.3089496E-02  0.2041595E-02  0.2762880E-01  0.6938849E-04
 Calc con  6.762472495372394E-004  5.449741538620399E-004
  8.243964281333671E-003  8.031813952309988E-003  7.859054361369520E-003
  7.712677482793737E-003  7.553529871466737E-003  6.767219455085135E-003
  8.580735901509137E-003  9.106271554170839E-003  8.501818877035185E-003
  8.327441469849015E-003  5.731017414778839E-004  6.656944452689339E-004
  3.309694400208264E-002  0.616627787430786     
 Design variables:  6.762472495372394E-004  5.449741538620399E-004
  8.243964281333671E-003  8.031813952309988E-003  7.859054361369520E-003
  7.712677482793737E-003  7.553529871466737E-003  6.767219455085135E-003
  8.580735901509137E-003  9.106271554170839E-003  8.501818877035185E-003
  8.327441469849015E-003  5.731017414778839E-004  6.656944452689339E-004
  3.309694400208264E-002  0.616627787430786     
 Constraint value, mean lift and its standard deviation: -1.598116838730429E-003
  0.640725243923144       1.956356354220702E-002
 Calc obj  6.762472495372394E-004  5.449741538620399E-004
  8.243964281333671E-003  8.031813952309988E-003  7.859054361369520E-003
  7.712677482793737E-003  7.553529871466737E-003  6.767219455085135E-003
  8.580735901509137E-003  9.106271554170839E-003  8.501818877035185E-003
  8.327441469849015E-003  5.731017414778839E-004  6.656944452689339E-004
  3.309694400208264E-002  0.616627787430786     
 Design variables:  6.762472495372394E-004  5.449741538620399E-004
  8.243964281333671E-003  8.031813952309988E-003  7.859054361369520E-003
  7.712677482793737E-003  7.553529871466737E-003  6.767219455085135E-003
  8.580735901509137E-003  9.106271554170839E-003  8.501818877035185E-003
  8.327441469849015E-003  5.731017414778839E-004  6.656944452689339E-004
  3.309694400208264E-002  0.616627787430786     
 Mean drag value and variance:  4.386450190793295E-003  4.133570887072136E-008
   16  0.4386492E-02  0.3906092E-02  0.1748047E-02  0.1544973E-01  0.7999526E-05
 Calc con  5.312311351243408E-004  3.537999055766975E-004
  7.936561113315440E-003  7.655232849167450E-003  7.408906667689075E-003
  7.193946124594597E-003  6.967349451576036E-003  9.967682094550852E-003
  7.187970212565131E-003  8.042363655215851E-003  8.448798756248479E-003
  9.050038523649048E-003  3.994521801446736E-004  5.148774619101634E-004
  3.430185416734757E-002  0.617159967852952     
 Design variables:  5.312311351243408E-004  3.537999055766975E-004
  7.936561113315440E-003  7.655232849167450E-003  7.408906667689075E-003
  7.193946124594597E-003  6.967349451576036E-003  9.967682094550852E-003
  7.187970212565131E-003  8.042363655215851E-003  8.448798756248479E-003
  9.050038523649048E-003  3.994521801446736E-004  5.148774619101634E-004
  3.430185416734757E-002  0.617159967852952     
 Constraint value, mean lift and its standard deviation: -5.314221272267362E-003
  0.644972481964423       1.982913034607768E-002
 Calc obj  5.312311351243408E-004  3.537999055766975E-004
  7.936561113315440E-003  7.655232849167450E-003  7.408906667689075E-003
  7.193946124594597E-003  6.967349451576036E-003  9.967682094550852E-003
  7.187970212565131E-003  8.042363655215851E-003  8.448798756248479E-003
  9.050038523649048E-003  3.994521801446736E-004  5.148774619101634E-004
  3.430185416734757E-002  0.617159967852952     
 Design variables:  5.312311351243408E-004  3.537999055766975E-004
  7.936561113315440E-003  7.655232849167450E-003  7.408906667689075E-003
  7.193946124594597E-003  6.967349451576036E-003  9.967682094550852E-003
  7.187970212565131E-003  8.042363655215851E-003  8.448798756248479E-003
  9.050038523649048E-003  3.994521801446736E-004  5.148774619101634E-004
  3.430185416734757E-002  0.617159967852952     
 Mean drag value and variance:  4.504508632673823E-003  4.571316930047399E-008
   17  0.4504554E-02  0.3250711E-02  0.1982072E-03  0.6200757E-02  0.4575152E-04
 Calc con  8.052201535863031E-004  6.191266631328325E-004
  9.012173700325593E-003  8.834252571752136E-003  8.683818451007108E-003
  8.570728734024171E-003  8.477531992360711E-003  9.534141697045575E-003
  9.241931100751669E-003  9.291997162270815E-003  9.291796571448609E-003
  9.462365548696209E-003  6.767827315101638E-004  8.028250764393183E-004
  2.865478117267781E-002  0.611511912444581     
 Design variables:  8.052201535863031E-004  6.191266631328325E-004
  9.012173700325593E-003  8.834252571752136E-003  8.683818451007108E-003
  8.570728734024171E-003  8.477531992360711E-003  9.534141697045575E-003
  9.241931100751669E-003  9.291997162270815E-003  9.291796571448609E-003
  9.462365548696209E-003  6.767827315101638E-004  8.028250764393183E-004
  2.865478117267781E-002  0.611511912444581     
 Constraint value, mean lift and its standard deviation:  5.917507915050510E-004
  0.638008904618083       1.930032770479405E-002
 Calc obj  8.052201535863031E-004  6.191266631328325E-004
  9.012173700325593E-003  8.834252571752136E-003  8.683818451007108E-003
  8.570728734024171E-003  8.477531992360711E-003  9.534141697045575E-003
  9.241931100751669E-003  9.291997162270815E-003  9.291796571448609E-003
  9.462365548696209E-003  6.767827315101638E-004  8.028250764393183E-004
  2.865478117267781E-002  0.611511912444581     
 Design variables:  8.052201535863031E-004  6.191266631328325E-004
  9.012173700325593E-003  8.834252571752136E-003  8.683818451007108E-003
  8.570728734024171E-003  8.477531992360711E-003  9.534141697045575E-003
  9.241931100751669E-003  9.291997162270815E-003  9.291796571448609E-003
  9.462365548696209E-003  6.767827315101638E-004  8.028250764393183E-004
  2.865478117267781E-002  0.611511912444581     
 Mean drag value and variance:  4.415012588730316E-003  3.318683309338363E-008
   18  0.4415046E-02  0.5648055E-02  0.2215036E-02  0.4217779E-02  0.7537062E-05
 Calc con  1.121051037393977E-003  1.089216751683884E-003
  9.610473074354853E-003  9.545511154659948E-003  9.486209975747301E-003
  9.433879227131488E-003  9.380611287787711E-003  9.589650270692049E-003
  9.777010486434368E-003  9.741871041960431E-003  9.693841637891800E-003
  9.667269329908254E-003  1.081508196127702E-003  1.105700906591159E-003
  2.551689687291054E-002  0.607443410391419     
 Design variables:  1.121051037393977E-003  1.089216751683884E-003
  9.610473074354853E-003  9.545511154659948E-003  9.486209975747301E-003
  9.433879227131488E-003  9.380611287787711E-003  9.589650270692049E-003
  9.777010486434368E-003  9.741871041960431E-003  9.693841637891800E-003
  9.667269329908254E-003  1.081508196127702E-003  1.105700906591159E-003
  2.551689687291054E-002  0.607443410391419     
 Constraint value, mean lift and its standard deviation:  2.253265395745774E-004
  0.637607550784352       1.891643866196327E-002
 Calc obj  1.121051037393977E-003  1.089216751683884E-003
  9.610473074354853E-003  9.545511154659948E-003  9.486209975747301E-003
  9.433879227131488E-003  9.380611287787711E-003  9.589650270692049E-003
  9.777010486434368E-003  9.741871041960431E-003  9.693841637891800E-003
  9.667269329908254E-003  1.081508196127702E-003  1.105700906591159E-003
  2.551689687291054E-002  0.607443410391419     
 Design variables:  1.121051037393977E-003  1.089216751683884E-003
  9.610473074354853E-003  9.545511154659948E-003  9.486209975747301E-003
  9.433879227131488E-003  9.380611287787711E-003  9.589650270692049E-003
  9.777010486434368E-003  9.741871041960431E-003  9.693841637891800E-003
  9.667269329908254E-003  1.081508196127702E-003  1.105700906591159E-003
  2.551689687291054E-002  0.607443410391419     
 Mean drag value and variance:  4.388665507834571E-003  3.132178595619491E-008
   19  0.4388697E-02  0.4068502E-02  0.1163318E-02  0.4917454E-02  0.7553193E-05
 Calc con  1.229748953389155E-003  1.216461848244105E-003
  9.969529266093792E-003  9.963127275211942E-003  9.957266667625815E-003
  9.952382831404758E-003  9.948034338655865E-003  9.930476111258956E-003
  9.931784713881115E-003  9.933880654009828E-003  9.952967422707064E-003
  9.996099819376910E-003  1.222340290946298E-003  1.228991567490134E-003
  2.395329690872509E-002  0.603056301153454     
 Design variables:  1.229748953389155E-003  1.216461848244105E-003
  9.969529266093792E-003  9.963127275211942E-003  9.957266667625815E-003
  9.952382831404758E-003  9.948034338655865E-003  9.930476111258956E-003
  9.931784713881115E-003  9.933880654009828E-003  9.952967422707064E-003
  9.996099819376910E-003  1.222340290946298E-003  1.228991567490134E-003
  2.395329690872509E-002  0.603056301153454     
 Constraint value, mean lift and its standard deviation:  9.261114449951383E-004
  0.636505889921580       1.871600068328773E-002
 Calc obj  1.229748953389155E-003  1.216461848244105E-003
  9.969529266093792E-003  9.963127275211942E-003  9.957266667625815E-003
  9.952382831404758E-003  9.948034338655865E-003  9.930476111258956E-003
  9.931784713881115E-003  9.933880654009828E-003  9.952967422707064E-003
  9.996099819376910E-003  1.222340290946298E-003  1.228991567490134E-003
  2.395329690872509E-002  0.603056301153454     
 Design variables:  1.229748953389155E-003  1.216461848244105E-003
  9.969529266093792E-003  9.963127275211942E-003  9.957266667625815E-003
  9.952382831404758E-003  9.948034338655865E-003  9.930476111258956E-003
  9.931784713881115E-003  9.933880654009828E-003  9.952967422707064E-003
  9.996099819376910E-003  1.222340290946298E-003  1.228991567490134E-003
  2.395329690872509E-002  0.603056301153454     
 Mean drag value and variance:  4.366314154317362E-003  2.859787404557010E-008
   20  0.4366343E-02  0.4387109E-02  0.9860490E-03  0.4290504E-02  0.6153221E-06
 Calc con  1.184490499480751E-003  1.154665599267840E-003
  9.843189818058273E-003  9.817135097030694E-003  9.794389477144491E-003
  9.775730152727334E-003  9.758070965915279E-003  9.829162267509083E-003
  9.844458128944883E-003  9.858408086338897E-003  9.870858858750239E-003
  9.883713525258245E-003  1.163622436227766E-003  1.182505159526046E-003
  2.512959829918987E-002  0.600232815948155     
 Design variables:  1.184490499480751E-003  1.154665599267840E-003
  9.843189818058273E-003  9.817135097030694E-003  9.794389477144491E-003
  9.775730152727334E-003  9.758070965915279E-003  9.829162267509083E-003
  9.844458128944883E-003  9.858408086338897E-003  9.870858858750239E-003
  9.883713525258245E-003  1.163622436227766E-003  1.182505159526046E-003
  2.512959829918987E-002  0.600232815948155     
 Constraint value, mean lift and its standard deviation: -9.872393013749606E-004
  0.637808345650065       1.841055317434500E-002
 Calc obj  1.184490499480751E-003  1.154665599267840E-003
  9.843189818058273E-003  9.817135097030694E-003  9.794389477144491E-003
  9.775730152727334E-003  9.758070965915279E-003  9.829162267509083E-003
  9.844458128944883E-003  9.858408086338897E-003  9.870858858750239E-003
  9.883713525258245E-003  1.163622436227766E-003  1.182505159526046E-003
  2.512959829918987E-002  0.600232815948155     
 Design variables:  1.184490499480751E-003  1.154665599267840E-003
  9.843189818058273E-003  9.817135097030694E-003  9.794389477144491E-003
  9.775730152727334E-003  9.758070965915279E-003  9.829162267509083E-003
  9.844458128944883E-003  9.858408086338897E-003  9.870858858750239E-003
  9.883713525258245E-003  1.163622436227766E-003  1.182505159526046E-003
  2.512959829918987E-002  0.600232815948155     
 Mean drag value and variance:  4.359288130172881E-003  2.747708225120523E-008
   21  0.4359316E-02  0.2823485E-02  0.6423701E-03  0.5528547E-02  0.2828521E-05
 Calc con  1.220504560673965E-003  1.206513879117836E-003
  9.931564660014698E-003  9.920485412989941E-003  9.911163285514168E-003
  9.903876053578004E-003  9.897181426939509E-003  9.919338481889075E-003
  9.933415369671048E-003  9.941358017330884E-003  9.945579627428707E-003
  9.948414472602410E-003  1.210887475511185E-003  1.220072257204705E-003
  2.445413314764407E-002  0.600002277900130     
 Design variables:  1.220504560673965E-003  1.206513879117836E-003
  9.931564660014698E-003  9.920485412989941E-003  9.911163285514168E-003
  9.903876053578004E-003  9.897181426939509E-003  9.919338481889075E-003
  9.933415369671048E-003  9.941358017330884E-003  9.945579627428707E-003
  9.948414472602410E-003  1.210887475511185E-003  1.220072257204705E-003
  2.445413314764407E-002  0.600002277900130     
 Constraint value, mean lift and its standard deviation:  8.017620296523753E-004
  0.636617608167966       1.870968509880902E-002
 Calc obj  1.220504560673965E-003  1.206513879117836E-003
  9.931564660014698E-003  9.920485412989941E-003  9.911163285514168E-003
  9.903876053578004E-003  9.897181426939509E-003  9.919338481889075E-003
  9.933415369671048E-003  9.941358017330884E-003  9.945579627428707E-003
  9.948414472602410E-003  1.210887475511185E-003  1.220072257204705E-003
  2.445413314764407E-002  0.600002277900130     
 Design variables:  1.220504560673965E-003  1.206513879117836E-003
  9.931564660014698E-003  9.920485412989941E-003  9.911163285514168E-003
  9.903876053578004E-003  9.897181426939509E-003  9.919338481889075E-003
  9.933415369671048E-003  9.941358017330884E-003  9.945579627428707E-003
  9.948414472602410E-003  1.210887475511185E-003  1.220072257204705E-003
  2.445413314764407E-002  0.600002277900130     
 Mean drag value and variance:  4.354741005822736E-003  2.806306228409384E-008
 Calc con  1.220759978542118E-003  1.206900769945955E-003
  9.932297992273395E-003  9.921372192069653E-003  9.912172275487841E-003
  9.904953304548223E-003  9.898271519794099E-003  9.918957735424540E-003
  9.932499475267602E-003  9.940938866812377E-003  9.945966178926659E-003
  9.949266110756185E-003  1.211260278030417E-003  1.220336810202306E-003
  2.455741876768285E-002  0.600006148720503     
 Design variables:  1.220759978542118E-003  1.206900769945955E-003
  9.932297992273395E-003  9.921372192069653E-003  9.912172275487841E-003
  9.904953304548223E-003  9.898271519794099E-003  9.918957735424540E-003
  9.932499475267602E-003  9.940938866812377E-003  9.945966178926659E-003
  9.949266110756185E-003  1.211260278030417E-003  1.220336810202306E-003
  2.455741876768285E-002  0.600006148720503     
 Constraint value, mean lift and its standard deviation: -4.678396120840339E-004
  0.637561541870969       1.854685112944256E-002
 Calc obj  1.220759978542118E-003  1.206900769945955E-003
  9.932297992273395E-003  9.921372192069653E-003  9.912172275487841E-003
  9.904953304548223E-003  9.898271519794099E-003  9.918957735424540E-003
  9.932499475267602E-003  9.940938866812377E-003  9.945966178926659E-003
  9.949266110756185E-003  1.211260278030417E-003  1.220336810202306E-003
  2.455741876768285E-002  0.600006148720503     
 Design variables:  1.220759978542118E-003  1.206900769945955E-003
  9.932297992273395E-003  9.921372192069653E-003  9.912172275487841E-003
  9.904953304548223E-003  9.898271519794099E-003  9.918957735424540E-003
  9.932499475267602E-003  9.940938866812377E-003  9.945966178926659E-003
  9.949266110756185E-003  1.211260278030417E-003  1.220336810202306E-003
  2.455741876768285E-002  0.600006148720503     
 Mean drag value and variance:  4.361964787168664E-003  2.754258112165546E-008
   22  0.4361992E-02  0.6754652E-03  0.3511617E-03  0.8992874E-03  0.7555244E-06
 Calc con  1.247509769377041E-003  1.246187798626441E-003
  9.994401178237192E-003  9.993418609027561E-003  9.992652983907731E-003
  9.992165391278557E-003  9.991849075829926E-003  9.994350601203508E-003
  9.996009835711570E-003  9.995999703224808E-003  9.995584725767521E-003
  9.995346675963520E-003  1.246615297733230E-003  1.247480255361471E-003
  2.408435535448405E-002  0.600003445036048     
 Design variables:  1.247509769377041E-003  1.246187798626441E-003
  9.994401178237192E-003  9.993418609027561E-003  9.992652983907731E-003
  9.992165391278557E-003  9.991849075829926E-003  9.994350601203508E-003
  9.996009835711570E-003  9.995999703224808E-003  9.995584725767521E-003
  9.995346675963520E-003  1.246615297733230E-003  1.247480255361471E-003
  2.408435535448405E-002  0.600003445036048     
 Constraint value, mean lift and its standard deviation:  3.602868137863105E-004
  0.636988294951272       1.867429088252909E-002
 Calc obj  1.247509769377041E-003  1.246187798626441E-003
  9.994401178237192E-003  9.993418609027561E-003  9.992652983907731E-003
  9.992165391278557E-003  9.991849075829926E-003  9.994350601203508E-003
  9.996009835711570E-003  9.995999703224808E-003  9.995584725767521E-003
  9.995346675963520E-003  1.246615297733230E-003  1.247480255361471E-003
  2.408435535448405E-002  0.600003445036048     
 Design variables:  1.247509769377041E-003  1.246187798626441E-003
  9.994401178237192E-003  9.993418609027561E-003  9.992652983907731E-003
  9.992165391278557E-003  9.991849075829926E-003  9.994350601203508E-003
  9.996009835711570E-003  9.995999703224808E-003  9.995584725767521E-003
  9.995346675963520E-003  1.246615297733230E-003  1.247480255361471E-003
  2.408435535448405E-002  0.600003445036048     
 Mean drag value and variance:  4.361128696811706E-003  2.773894935105144E-008
   23  0.4361156E-02  0.4730634E-03  0.3663821E-03  0.1542545E-03  0.1819962E-07
 Calc con  1.249989398994029E-003  1.249981138165373E-003
  9.999966523695126E-003  9.999958805697902E-003  9.999950144139130E-003
  9.999940487295239E-003  9.999928510147030E-003  9.999883783375928E-003
  9.999891456996927E-003  9.999928637063149E-003  9.999972614183544E-003
  1.000000816578967E-002  1.249984995709723E-003  1.249988470100142E-003
  2.408958181744459E-002  0.600000078979039     
 Design variables:  1.249989398994029E-003  1.249981138165373E-003
  9.999966523695126E-003  9.999958805697902E-003  9.999950144139130E-003
  9.999940487295239E-003  9.999928510147030E-003  9.999883783375928E-003
  9.999891456996927E-003  9.999928637063149E-003  9.999972614183544E-003
  1.000000816578967E-002  1.249984995709723E-003  1.249988470100142E-003
  2.408958181744459E-002  0.600000078979039     
 Constraint value, mean lift and its standard deviation:  2.466430209134909E-004
  0.637288112953396       1.876737798715461E-002
 Calc obj  1.249989398994029E-003  1.249981138165373E-003
  9.999966523695126E-003  9.999958805697902E-003  9.999950144139130E-003
  9.999940487295239E-003  9.999928510147030E-003  9.999883783375928E-003
  9.999891456996927E-003  9.999928637063149E-003  9.999972614183544E-003
  1.000000816578967E-002  1.249984995709723E-003  1.249988470100142E-003
  2.408958181744459E-002  0.600000078979039     
 Design variables:  1.249989398994029E-003  1.249981138165373E-003
  9.999966523695126E-003  9.999958805697902E-003  9.999950144139130E-003
  9.999940487295239E-003  9.999928510147030E-003  9.999883783375928E-003
  9.999891456996927E-003  9.999928637063149E-003  9.999972614183544E-003
  1.000000816578967E-002  1.249984995709723E-003  1.249988470100142E-003
  2.408958181744459E-002  0.600000078979039     
 Mean drag value and variance:  4.362251372131128E-003  2.678654345105976E-008
   24  0.4362278E-02  0.8079434E-05  0.2467407E-03  0.1490218E-02  0.9344157E-09
 
 The solution was found.
 
 The final value of the objective function is   4.362278158674579E-003
 
 The optimal values of X are:
 
 X  (           1 ) =   1.249989398994029E-003
 X  (           2 ) =   1.249981138165373E-003
 X  (           3 ) =   9.999966523695126E-003
 X  (           4 ) =   9.999958805697902E-003
 X  (           5 ) =   9.999950144139130E-003
 X  (           6 ) =   9.999940487295239E-003
 X  (           7 ) =   9.999928510147030E-003
 X  (           8 ) =   9.999883783375928E-003
 X  (           9 ) =   9.999891456996927E-003
 X  (          10 ) =   9.999928637063149E-003
 X  (          11 ) =   9.999972614183544E-003
 X  (          12 ) =   1.000000000000000E-002
 X  (          13 ) =   1.249984995709723E-003
 X  (          14 ) =   1.249988470100142E-003
 X  (          15 ) =    1.38023136837466     
 X  (          16 ) =   0.600000078979039     
 
 The multipliers for the equality constraints are:
 
 LAM(           1 ) =   7.616337636681068E-003
 
 Mean drag and its variance:  4.362251372131128E-003  2.678654345105976E-008
