 
 D =  0.000000000000000E+000  0.000000000000000E+000  0.000000000000000E+000
  0.000000000000000E+000  0.000000000000000E+000  0.000000000000000E+000
  0.000000000000000E+000  0.000000000000000E+000  0.000000000000000E+000
  0.000000000000000E+000  0.000000000000000E+000  0.000000000000000E+000
  0.000000000000000E+000  0.000000000000000E+000   2.00000000000000     
  0.560000000000000     
 
 Objective function f =  0.289313046702734        1.00000000000000     
 
 dfdD_i =   1.73367459924389        3.71719583730084     
   4.39249142006840        4.62050681971799        4.82471370047931     
   4.90497407648586        4.78254901857216       4.257306236111962E-002
  9.264688064889336E-002  0.180349431006015       0.310768593660583     
  0.574643180239046        2.45508097516567        6.76461731619533     
   8.30009479139073       0.298635506235067     
 
 D =  0.000000000000000E+000  0.000000000000000E+000  0.000000000000000E+000
  0.000000000000000E+000  0.000000000000000E+000  0.000000000000000E+000
  0.000000000000000E+000  0.000000000000000E+000  0.000000000000000E+000
  0.000000000000000E+000  0.000000000000000E+000  0.000000000000000E+000
  0.000000000000000E+000  0.000000000000000E+000  0.668905054172389     
  0.577002207199147     
 
 Objective function f =  9.948055209122511E-002   1.00000000000000     
 
 dfdD_i =   1.74035728961013        3.72566096183353     
   4.41458567612175        4.66333619493092        4.89142606779168     
   4.98625894445150        4.85710544441369       4.374451573533386E-002
  0.103069432859073       0.196147007146521       0.330308091280704     
  0.599425280100281        2.49593377026429        6.83642606790100     
   8.37597846610520       0.108435990484817     
 
 D =  0.000000000000000E+000  0.000000000000000E+000  0.000000000000000E+000
  0.000000000000000E+000  0.000000000000000E+000  0.000000000000000E+000
  0.000000000000000E+000  0.000000000000000E+000  0.000000000000000E+000
  0.000000000000000E+000  0.000000000000000E+000  0.000000000000000E+000
  0.000000000000000E+000  0.000000000000000E+000   2.78724562517974     
  0.491096411138030     
 
 Objective function f =  0.379223446713187        1.00000000000000     
 
 dfdD_i =   1.64230697880119        3.51821609176073     
   4.14415004020588        4.34913396490097        4.53474206260300     
   4.61567096675917        4.52320594445579       4.572914930418205E-002
  9.020891607225807E-002  0.171035402395698       0.293318537941665     
  0.542529441121189        2.32870136764266        6.42326872492716     
   7.77589409922494       0.289728819435756     
 
 D =  0.000000000000000E+000  0.000000000000000E+000  0.000000000000000E+000
  0.000000000000000E+000  0.000000000000000E+000  0.000000000000000E+000
  0.000000000000000E+000  0.000000000000000E+000  0.000000000000000E+000
  0.000000000000000E+000  0.000000000000000E+000  0.000000000000000E+000
  0.000000000000000E+000  0.000000000000000E+000   1.73722242886759     
  0.422382002284740     
 
 Objective function f =  0.226395178137508        1.00000000000000     
 
 dfdD_i =   1.56458939258178        3.33601501405671     
   3.91498482780598        4.10771077647657        4.28036826354838     
   4.34541577840568        4.23210260033319       4.674245679106549E-002
  8.931029261935960E-002  0.165830458426442       0.282524460920490     
  0.522397636000206        2.24826524833548        6.20594516106715     
   7.43483307350543       0.124344893856196     
 
 D =  0.000000000000000E+000  0.000000000000000E+000  0.000000000000000E+000
  0.000000000000000E+000  0.000000000000000E+000  0.000000000000000E+000
  0.000000000000000E+000  0.000000000000000E+000  0.000000000000000E+000
  0.000000000000000E+000  0.000000000000000E+000  0.000000000000000E+000
  0.000000000000000E+000  0.000000000000000E+000   2.24736240982047     
  0.689312410612198     
 
 Objective function f =  0.396075520595835        1.00000000000000     
 
 dfdD_i =   2.02976743509797        4.38145595416995     
   5.69063209951491        6.40898439966289        6.70416973273856     
   6.22987013833913        5.35331064920742       4.561980383994291E-002
  0.107650500882971       0.212427551937482       0.364994546728218     
  0.669807354164850        2.81860556831014        7.72465738949588     
   9.76535740075802       0.645618616038179     
 
 D =  0.000000000000000E+000  0.000000000000000E+000  0.000000000000000E+000
  0.000000000000000E+000  0.000000000000000E+000  0.000000000000000E+000
  0.000000000000000E+000  0.000000000000000E+000  0.000000000000000E+000
  0.000000000000000E+000  0.000000000000000E+000  0.000000000000000E+000
  0.000000000000000E+000  0.000000000000000E+000   3.34998983204426     
  0.700231736165650     
 
 Objective function f =  0.591349014583079        1.00000000000000     
 
 dfdD_i =   1.91882717390207        4.06446666557274     
   7.62424377537196        9.18891266800389        9.20137260629976     
   7.66889144333272        5.64430011216808       4.308593316231954E-002
  0.102145690872236       0.200044485876879       0.342043654060361     
  0.626342364896445        2.66720435951423        7.36490154428703     
   10.0645600166493        1.79540787060559     
 
 D =  0.000000000000000E+000  0.000000000000000E+000  0.000000000000000E+000
  0.000000000000000E+000  0.000000000000000E+000  0.000000000000000E+000
  0.000000000000000E+000  0.000000000000000E+000  0.000000000000000E+000
  0.000000000000000E+000  0.000000000000000E+000  0.000000000000000E+000
  0.000000000000000E+000  0.000000000000000E+000   1.27109293512383     
  0.707339549906040     
 
 Objective function f =  0.234878404686512        1.00000000000000     
 
 dfdD_i =   2.14325417473282        4.59633478305847     
   5.61818775996144        6.08352728178238        6.48169060342907     
   6.61134947712401        6.38425621437845       4.672315399093212E-002
  0.119406681697702       0.232869699691404       0.394686187545706     
  0.717580363264104        2.99792857286898        8.21021377677107     
   10.5368208669677       0.582222489366560     
 
 D =  0.000000000000000E+000  0.000000000000000E+000  0.000000000000000E+000
  0.000000000000000E+000  0.000000000000000E+000  0.000000000000000E+000
  0.000000000000000E+000  0.000000000000000E+000  0.000000000000000E+000
  0.000000000000000E+000  0.000000000000000E+000  0.000000000000000E+000
  0.000000000000000E+000  0.000000000000000E+000   3.45057977843381     
  0.410302715704622     
 
 Objective function f =  0.445072576676870        1.00000000000000     
 
 dfdD_i =   1.56404912255093        3.34678538620065     
   3.93941780077132        4.13333041863327        4.31403308068171     
   4.40690178332342        4.34898374038782       4.305793880436349E-002
  8.652657235756299E-002  0.162480244452881       0.277655866356015     
  0.513502981821387        2.21415829664265        6.11590346211592     
   7.31765008246825       0.238990427478374     
 
 D =  0.000000000000000E+000  0.000000000000000E+000  0.000000000000000E+000
  0.000000000000000E+000  0.000000000000000E+000  0.000000000000000E+000
  0.000000000000000E+000  0.000000000000000E+000  0.000000000000000E+000
  0.000000000000000E+000  0.000000000000000E+000  0.000000000000000E+000
  0.000000000000000E+000  0.000000000000000E+000  0.598349984834941     
  0.707577087150101     
 
 Objective function f =  0.112209938171697        1.00000000000000     
 
 dfdD_i =   2.12797164519996        4.56290905611952     
   5.53868061806203        5.96843906071490        6.38246291854592     
   6.57334976398388        6.37593953426325       5.196117654509369E-002
  0.128641258894201       0.245044845146280       0.408881072303705     
  0.733442141763419        3.00334199606113        8.18564233813980     
   10.4503654939726       0.288553549348884     
 
 D =  0.000000000000000E+000  0.000000000000000E+000  0.000000000000000E+000
  0.000000000000000E+000  0.000000000000000E+000  0.000000000000000E+000
  0.000000000000000E+000  0.000000000000000E+000  0.000000000000000E+000
  0.000000000000000E+000  0.000000000000000E+000  0.000000000000000E+000
  0.000000000000000E+000  0.000000000000000E+000  0.727862723743170     
  0.417845759708733     
 
 Objective function f =  9.531600750379332E-002   1.00000000000000     
