           1  0.903269016756258        9.56296093278640     
           2  0.804051544851044        6.42892413539732     
           3  0.602052657447560        4.09677321144249     
           4  0.501866158189287        3.52017471048978     
           5  0.399694860583434        3.08530944683349     
           6  0.301158507701292        2.73614084960624     
           7  0.205346444050076        2.40395059104384     
           8  0.202450889381161        4.42889719204410     
           9  0.301538478396521        5.03679509444867     
          10  0.402014946835827        5.44477664794497     
          11  0.504570952907477        5.71459791985666     
          12  0.604736568670243        5.93628934575697     
          13  0.803383624472688        7.10803464012595     
          14  0.901823325566936        9.41939024785754     
          15   9.39433256810227     
          16   1.36838086561266     
