 >> Number of Processors =   1
 Calc con  0.000000000000000E+000  0.000000000000000E+000
  0.000000000000000E+000  0.000000000000000E+000  0.000000000000000E+000
  0.000000000000000E+000  0.000000000000000E+000  0.000000000000000E+000
  0.000000000000000E+000  0.000000000000000E+000  0.000000000000000E+000
  0.000000000000000E+000  0.000000000000000E+000  0.000000000000000E+000
  3.490658503988659E-002  0.650000000000000     
 Design variables:  0.000000000000000E+000  0.000000000000000E+000
  0.000000000000000E+000  0.000000000000000E+000  0.000000000000000E+000
  0.000000000000000E+000  0.000000000000000E+000  0.000000000000000E+000
  0.000000000000000E+000  0.000000000000000E+000  0.000000000000000E+000
  0.000000000000000E+000  0.000000000000000E+000  0.000000000000000E+000
  3.490658503988659E-002  0.650000000000000     
 Constraint value, mean lift and its standard deviation:  0.275568422633462     
  0.324431577366537       1.750932279743050E-002
 Calc obj  0.000000000000000E+000  0.000000000000000E+000
  0.000000000000000E+000  0.000000000000000E+000  0.000000000000000E+000
  0.000000000000000E+000  0.000000000000000E+000  0.000000000000000E+000
  0.000000000000000E+000  0.000000000000000E+000  0.000000000000000E+000
  0.000000000000000E+000  0.000000000000000E+000  0.000000000000000E+000
  3.490658503988659E-002  0.650000000000000     
 Design variables:  0.000000000000000E+000  0.000000000000000E+000
  0.000000000000000E+000  0.000000000000000E+000  0.000000000000000E+000
  0.000000000000000E+000  0.000000000000000E+000  0.000000000000000E+000
  0.000000000000000E+000  0.000000000000000E+000  0.000000000000000E+000
  0.000000000000000E+000  0.000000000000000E+000  0.000000000000000E+000
  3.490658503988659E-002  0.650000000000000     
 Mean drag value and variance:  2.611684417523782E-003  1.217005595087746E-008
 
 iter    objective      ||grad||        inf_pr          inf_du         lg(mu)
    0  0.2611697E-02  0.0000000E+00  0.2855684E+00  0.9955924E+00  0.1000000E+01
 Calc con  7.174240384766424E-004  5.098853166082328E-004
  2.880599502257142E-003  2.560122948099630E-003  2.284685448599158E-003
  2.027839630599752E-003  1.753470955901171E-003  2.256695295234962E-003
  2.457266699394926E-003  2.626556555116003E-003  2.820861724854889E-003
  3.082397885829222E-003  5.247301931822732E-004  7.228648388631784E-004
  5.312009719338141E-002  0.663266642068306     
 Design variables:  7.174240384766424E-004  5.098853166082328E-004
  2.880599502257142E-003  2.560122948099630E-003  2.284685448599158E-003
  2.027839630599752E-003  1.753470955901171E-003  2.256695295234962E-003
  2.457266699394926E-003  2.626556555116003E-003  2.820861724854889E-003
  3.082397885829222E-003  5.247301931822732E-004  7.228648388631784E-004
  5.312009719338141E-002  0.663266642068306     
 Constraint value, mean lift and its standard deviation: -4.634683687473695E-002
  0.646346836874737       2.104787016558934E-002
 Calc obj  7.174240384766424E-004  5.098853166082328E-004
  2.880599502257142E-003  2.560122948099630E-003  2.284685448599158E-003
  2.027839630599752E-003  1.753470955901171E-003  2.256695295234962E-003
  2.457266699394926E-003  2.626556555116003E-003  2.820861724854889E-003
  3.082397885829222E-003  5.247301931822732E-004  7.228648388631784E-004
  5.312009719338141E-002  0.663266642068306     
 Design variables:  7.174240384766424E-004  5.098853166082328E-004
  2.880599502257142E-003  2.560122948099630E-003  2.284685448599158E-003
  2.027839630599752E-003  1.753470955901171E-003  2.256695295234962E-003
  2.457266699394926E-003  2.626556555116003E-003  2.820861724854889E-003
  3.082397885829222E-003  5.247301931822732E-004  7.228648388631784E-004
  5.312009719338141E-002  0.663266642068306     
 Mean drag value and variance:  6.148633830631862E-003  1.991041866470748E-006
    1  0.6150625E-02  0.2451442E-01  0.1183243E-01  0.3940752E+00  0.2569640E-01
 Calc con  6.714179606218606E-004  4.778002553327817E-004
  2.883908873976925E-003  2.575009455211654E-003  2.309821494957580E-003
  2.061672202506481E-003  1.794019312775701E-003  1.758570095607161E-003
  2.321667529049374E-003  2.856733468732023E-003  3.177510581918567E-003
  3.310881949592642E-003  4.918557747752987E-004  6.765390858654852E-004
  5.290803778223858E-002  0.658149351492911     
 Design variables:  6.714179606218606E-004  4.778002553327817E-004
  2.883908873976925E-003  2.575009455211654E-003  2.309821494957580E-003
  2.061672202506481E-003  1.794019312775701E-003  1.758570095607161E-003
  2.321667529049374E-003  2.856733468732023E-003  3.177510581918567E-003
  3.310881949592642E-003  4.918557747752987E-004  6.765390858654852E-004
  5.290803778223858E-002  0.658149351492911     
 Constraint value, mean lift and its standard deviation: -3.911812182698515E-002
  0.639118121826985       2.123213004560563E-002
 Calc obj  6.714179606218606E-004  4.778002553327817E-004
  2.883908873976925E-003  2.575009455211654E-003  2.309821494957580E-003
  2.061672202506481E-003  1.794019312775701E-003  1.758570095607161E-003
  2.321667529049374E-003  2.856733468732023E-003  3.177510581918567E-003
  3.310881949592642E-003  4.918557747752987E-004  6.765390858654852E-004
  5.290803778223858E-002  0.658149351492911     
 Design variables:  6.714179606218606E-004  4.778002553327817E-004
  2.883908873976925E-003  2.575009455211654E-003  2.309821494957580E-003
  2.061672202506481E-003  1.794019312775701E-003  1.758570095607161E-003
  2.321667529049374E-003  2.856733468732023E-003  3.177510581918567E-003
  3.310881949592642E-003  4.918557747752987E-004  6.765390858654852E-004
  5.290803778223858E-002  0.658149351492911     
 Mean drag value and variance:  5.357064800554753E-003  9.667630130518132E-007
    2  0.5358032E-02  0.5117291E-02  0.4818607E-03  0.8599761E-01  0.1828990E-02
 Calc con  6.051695575054836E-004  4.313561921175059E-004
  3.057989333846548E-003  2.748594133342131E-003  2.485672665407884E-003
  2.240265251124932E-003  1.972078505059278E-003  1.560163498407589E-003
  3.540417298640162E-003  4.163893468034720E-003  3.852555041966770E-003
  3.428113621721055E-003  4.453070530834728E-004  6.109804859016317E-004
  5.171037818594947E-002  0.648030230712094     
 Design variables:  6.051695575054836E-004  4.313561921175059E-004
  3.057989333846548E-003  2.748594133342131E-003  2.485672665407884E-003
  2.240265251124932E-003  1.972078505059278E-003  1.560163498407589E-003
  3.540417298640162E-003  4.163893468034720E-003  3.852555041966770E-003
  3.428113621721055E-003  4.453070530834728E-004  6.109804859016317E-004
  5.171037818594947E-002  0.648030230712094     
 Constraint value, mean lift and its standard deviation: -3.208130707116075E-002
  0.632081307071161       2.135471597071254E-002
 Calc obj  6.051695575054836E-004  4.313561921175059E-004
  3.057989333846548E-003  2.748594133342131E-003  2.485672665407884E-003
  2.240265251124932E-003  1.972078505059278E-003  1.560163498407589E-003
  3.540417298640162E-003  4.163893468034720E-003  3.852555041966770E-003
  3.428113621721055E-003  4.453070530834728E-004  6.109804859016317E-004
  5.171037818594947E-002  0.648030230712094     
 Design variables:  6.051695575054836E-004  4.313561921175059E-004
  3.057989333846548E-003  2.748594133342131E-003  2.485672665407884E-003
  2.240265251124932E-003  1.972078505059278E-003  1.560163498407589E-003
  3.540417298640162E-003  4.163893468034720E-003  3.852555041966770E-003
  3.428113621721055E-003  4.453070530834728E-004  6.109804859016317E-004
  5.171037818594947E-002  0.648030230712094     
 Mean drag value and variance:  4.680749597603586E-003  2.579757267251290E-007
    3  0.4681008E-02  0.1011912E-01  0.2888443E-02  0.5890466E-01  0.2395151E-03
 Calc con  5.788783238396248E-004  4.193295704511288E-004
  4.204406493978458E-003  3.737647249625458E-003  3.341180535947533E-003
  2.979004463024487E-003  2.594556018337477E-003  3.883665140711790E-003
  4.120628849848144E-003  4.232757979136487E-003  4.151810948521881E-003
  4.450902250677472E-003  4.362872930522503E-004  5.811280353207383E-004
  4.715984276626282E-002  0.639246095383684     
 Design variables:  5.788783238396248E-004  4.193295704511288E-004
  4.204406493978458E-003  3.737647249625458E-003  3.341180535947533E-003
  2.979004463024487E-003  2.594556018337477E-003  3.883665140711790E-003
  4.120628849848144E-003  4.232757979136487E-003  4.151810948521881E-003
  4.450902250677472E-003  4.362872930522503E-004  5.811280353207383E-004
  4.715984276626282E-002  0.639246095383684     
 Constraint value, mean lift and its standard deviation: -1.389111155394018E-002
  0.613891111553940       2.046377337671729E-002
 Calc obj  5.788783238396248E-004  4.193295704511288E-004
  4.204406493978458E-003  3.737647249625458E-003  3.341180535947533E-003
  2.979004463024487E-003  2.594556018337477E-003  3.883665140711790E-003
  4.120628849848144E-003  4.232757979136487E-003  4.151810948521881E-003
  4.450902250677472E-003  4.362872930522503E-004  5.811280353207383E-004
  4.715984276626282E-002  0.639246095383684     
 Design variables:  5.788783238396248E-004  4.193295704511288E-004
  4.204406493978458E-003  3.737647249625458E-003  3.341180535947533E-003
  2.979004463024487E-003  2.594556018337477E-003  3.883665140711790E-003
  4.120628849848144E-003  4.232757979136487E-003  4.151810948521881E-003
  4.450902250677472E-003  4.362872930522503E-004  5.811280353207383E-004
  4.715984276626282E-002  0.639246095383684     
 Mean drag value and variance:  4.418683457398873E-003  9.338757930601836E-008
    4  0.4418777E-02  0.2144221E-01  0.3635749E-03  0.1761688E-01  0.6052595E-04
 Calc con  5.092207201118863E-004  3.759730913867728E-004
  6.802913463612991E-003  6.312318076253513E-003  5.874790876008778E-003
  5.459391137279706E-003  4.984259707759600E-003  9.938846551407119E-003
  7.051783513604528E-003  5.014684869185750E-003  4.797584128646492E-003
  6.528890816907586E-003  3.946341944422666E-004  5.101004331192426E-004
  3.671786880211234E-002  0.629367272060596     
 Design variables:  5.092207201118863E-004  3.759730913867728E-004
  6.802913463612991E-003  6.312318076253513E-003  5.874790876008778E-003
  5.459391137279706E-003  4.984259707759600E-003  9.938846551407119E-003
  7.051783513604528E-003  5.014684869185750E-003  4.797584128646492E-003
  6.528890816907586E-003  3.946341944422666E-004  5.101004331192426E-004
  3.671786880211234E-002  0.629367272060596     
 Constraint value, mean lift and its standard deviation: -5.305122778466509E-003
  0.605305122778466       1.999470736987982E-002
 Calc obj  5.092207201118863E-004  3.759730913867728E-004
  6.802913463612991E-003  6.312318076253513E-003  5.874790876008778E-003
  5.459391137279706E-003  4.984259707759600E-003  9.938846551407119E-003
  7.051783513604528E-003  5.014684869185750E-003  4.797584128646492E-003
  6.528890816907586E-003  3.946341944422666E-004  5.101004331192426E-004
  3.671786880211234E-002  0.629367272060596     
 Design variables:  5.092207201118863E-004  3.759730913867728E-004
  6.802913463612991E-003  6.312318076253513E-003  5.874790876008778E-003
  5.459391137279706E-003  4.984259707759600E-003  9.938846551407119E-003
  7.051783513604528E-003  5.014684869185750E-003  4.797584128646492E-003
  6.528890816907586E-003  3.946341944422666E-004  5.101004331192426E-004
  3.671786880211234E-002  0.629367272060596     
 Mean drag value and variance:  4.310623294140503E-003  1.029669762219338E-007
 Calc con  5.096230187224052E-004  3.764253309182680E-004
  6.831970824933652E-003  6.341119951634510E-003  5.903032123134019E-003
  5.486813806370215E-003  5.010318531211064E-003  9.938846551407117E-003
  7.071948174562464E-003  5.067384805036286E-003  4.860300703271399E-003
  6.580894932359136E-003  3.951596981681298E-004  5.104676338215724E-004
  3.682674093615301E-002  0.629274967393551     
 Design variables:  5.096230187224052E-004  3.764253309182680E-004
  6.831970824933652E-003  6.341119951634510E-003  5.903032123134019E-003
  5.486813806370215E-003  5.010318531211064E-003  9.938846551407117E-003
  7.071948174562464E-003  5.067384805036286E-003  4.860300703271399E-003
  6.580894932359136E-003  3.951596981681298E-004  5.104676338215724E-004
  3.682674093615301E-002  0.629274967393551     
 Constraint value, mean lift and its standard deviation: -7.804423526284299E-003
  0.607804423526284       2.005826466190307E-002
 Calc obj  5.096230187224052E-004  3.764253309182680E-004
  6.831970824933652E-003  6.341119951634510E-003  5.903032123134019E-003
  5.486813806370215E-003  5.010318531211064E-003  9.938846551407117E-003
  7.071948174562464E-003  5.067384805036286E-003  4.860300703271399E-003
  6.580894932359136E-003  3.951596981681298E-004  5.104676338215724E-004
  3.682674093615301E-002  0.629274967393551     
 Design variables:  5.096230187224052E-004  3.764253309182680E-004
  6.831970824933652E-003  6.341119951634510E-003  5.903032123134019E-003
  5.486813806370215E-003  5.010318531211064E-003  9.938846551407117E-003
  7.071948174562464E-003  5.067384805036286E-003  4.860300703271399E-003
  6.580894932359136E-003  3.951596981681298E-004  5.104676338215724E-004
  3.682674093615301E-002  0.629274967393551     
 Mean drag value and variance:  4.328525593541104E-003  5.319022048093881E-008
    5  0.4328579E-02  0.1146955E-01  0.1880178E-03  0.1266348E-01  0.5009989E-04
 Calc con  6.361951522808416E-004  4.840403899659702E-004
  8.124700702684066E-003  7.772191691754053E-003  7.455960990295283E-003
  7.167027432073531E-003  6.836688572957123E-003  9.595221544309335E-003
  8.377148640286236E-003  4.530098164774907E-003  3.967485146251220E-003
  7.265382755616808E-003  5.060793921839114E-004  6.304759038743374E-004
  3.343898404132359E-002  0.625405413297902     
 Design variables:  6.361951522808416E-004  4.840403899659702E-004
  8.124700702684066E-003  7.772191691754053E-003  7.455960990295283E-003
  7.167027432073531E-003  6.836688572957123E-003  9.595221544309335E-003
  8.377148640286236E-003  4.530098164774907E-003  3.967485146251220E-003
  7.265382755616808E-003  5.060793921839114E-004  6.304759038743374E-004
  3.343898404132359E-002  0.625405413297902     
 Constraint value, mean lift and its standard deviation: -2.988793490049657E-003
  0.602988793490050       1.952450486732466E-002
 Calc obj  6.361951522808416E-004  4.840403899659702E-004
  8.124700702684066E-003  7.772191691754053E-003  7.455960990295283E-003
  7.167027432073531E-003  6.836688572957123E-003  9.595221544309335E-003
  8.377148640286236E-003  4.530098164774907E-003  3.967485146251220E-003
  7.265382755616808E-003  5.060793921839114E-004  6.304759038743374E-004
  3.343898404132359E-002  0.625405413297902     
 Design variables:  6.361951522808416E-004  4.840403899659702E-004
  8.124700702684066E-003  7.772191691754053E-003  7.455960990295283E-003
  7.167027432073531E-003  6.836688572957123E-003  9.595221544309335E-003
  8.377148640286236E-003  4.530098164774907E-003  3.967485146251220E-003
  7.265382755616808E-003  5.060793921839114E-004  6.304759038743374E-004
  3.343898404132359E-002  0.625405413297902     
 Mean drag value and variance:  4.159806707745533E-003  5.745794336421516E-008
    6  0.4159864E-02  0.4633163E-02  0.3704850E-03  0.3823559E-01  0.9918105E-05
 Calc con  9.986044302635684E-004  8.807724963644209E-004
  9.465601861108033E-003  9.374978998472708E-003  9.254308461826588E-003
  9.120269629516859E-003  8.966552311212770E-003  9.526787507645419E-003
  9.983781386402862E-003  5.875378674320787E-003  1.560688501111455E-003
  8.567543415230083E-003  8.895473508307250E-004  9.845448157319724E-004
  2.860028378866437E-002  0.620397009102044     
 Design variables:  9.986044302635684E-004  8.807724963644209E-004
  9.465601861108033E-003  9.374978998472708E-003  9.254308461826588E-003
  9.120269629516859E-003  8.966552311212770E-003  9.526787507645419E-003
  9.983781386402862E-003  5.875378674320787E-003  1.560688501111455E-003
  8.567543415230083E-003  8.895473508307250E-004  9.845448157319724E-004
  2.860028378866437E-002  0.620397009102044     
 Constraint value, mean lift and its standard deviation: -2.532276737100547E-003
  0.602532276737101       1.900126088969520E-002
 Calc obj  9.986044302635684E-004  8.807724963644209E-004
  9.465601861108033E-003  9.374978998472708E-003  9.254308461826588E-003
  9.120269629516859E-003  8.966552311212770E-003  9.526787507645419E-003
  9.983781386402862E-003  5.875378674320787E-003  1.560688501111455E-003
  8.567543415230083E-003  8.895473508307250E-004  9.845448157319724E-004
  2.860028378866437E-002  0.620397009102044     
 Design variables:  9.986044302635684E-004  8.807724963644209E-004
  9.465601861108033E-003  9.374978998472708E-003  9.254308461826588E-003
  9.120269629516859E-003  8.966552311212770E-003  9.526787507645419E-003
  9.983781386402862E-003  5.875378674320787E-003  1.560688501111455E-003
  8.567543415230083E-003  8.895473508307250E-004  9.845448157319724E-004
  2.860028378866437E-002  0.620397009102044     
 Mean drag value and variance:  4.051817151228919E-003  3.195180833710933E-008
 Calc con  9.986771881957178E-004  8.808480911916394E-004
  9.466391498683356E-003  9.375869469399847E-003  9.255223224857110E-003
  9.121108052783038E-003  8.967190175488414E-003  9.527106938968591E-003
  9.983781386402862E-003  5.883813241878804E-003  1.575101142364739E-003
  8.570767490544598E-003  8.896409925404603E-004  9.846457092401596E-004
  2.862366741191323E-002  0.620386930116244     
 Design variables:  9.986771881957178E-004  8.808480911916394E-004
  9.466391498683356E-003  9.375869469399847E-003  9.255223224857110E-003
  9.121108052783038E-003  8.967190175488414E-003  9.527106938968591E-003
  9.983781386402862E-003  5.883813241878804E-003  1.575101142364739E-003
  8.570767490544598E-003  8.896409925404603E-004  9.846457092401596E-004
  2.862366741191323E-002  0.620386930116244     
 Constraint value, mean lift and its standard deviation: -2.888057102430230E-003
  0.602888057102430       1.891791135043065E-002
 Calc obj  9.986771881957178E-004  8.808480911916394E-004
  9.466391498683356E-003  9.375869469399847E-003  9.255223224857110E-003
  9.121108052783038E-003  8.967190175488414E-003  9.527106938968591E-003
  9.983781386402862E-003  5.883813241878804E-003  1.575101142364739E-003
  8.570767490544598E-003  8.896409925404603E-004  9.846457092401596E-004
  2.862366741191323E-002  0.620386930116244     
 Design variables:  9.986771881957178E-004  8.808480911916394E-004
  9.466391498683356E-003  9.375869469399847E-003  9.255223224857110E-003
  9.121108052783038E-003  8.967190175488414E-003  9.527106938968591E-003
  9.983781386402862E-003  5.883813241878804E-003  1.575101142364739E-003
  8.570767490544598E-003  8.896409925404603E-004  9.846457092401596E-004
  2.862366741191323E-002  0.620386930116244     
 Mean drag value and variance:  4.049094864568258E-003  3.675737146489812E-008
    7  0.4049132E-02  0.5105483E-02  0.2546963E-04  0.3439914E-01  0.2015340E-04
 Calc con  1.091611971970694E-003  1.006569251508274E-003
  9.703988941461256E-003  9.667689467188965E-003  9.631689463286136E-003
  9.601248449007695E-003  9.581311267421556E-003  9.752024608214904E-003
  9.846489494957323E-003  7.979321611589905E-003  6.033195442837608E-004
  9.437390896646984E-003  1.019321713608799E-003  1.087647675101236E-003
  2.683949783539956E-002  0.614137206209370     
 Design variables:  1.091611971970694E-003  1.006569251508274E-003
  9.703988941461256E-003  9.667689467188965E-003  9.631689463286136E-003
  9.601248449007695E-003  9.581311267421556E-003  9.752024608214904E-003
  9.846489494957323E-003  7.979321611589905E-003  6.033195442837608E-004
  9.437390896646984E-003  1.019321713608799E-003  1.087647675101236E-003
  2.683949783539956E-002  0.614137206209370     
 Constraint value, mean lift and its standard deviation: -3.707593960962097E-004
  0.600370759396096       1.857021855227506E-002
 Calc obj  1.091611971970694E-003  1.006569251508274E-003
  9.703988941461256E-003  9.667689467188965E-003  9.631689463286136E-003
  9.601248449007695E-003  9.581311267421556E-003  9.752024608214904E-003
  9.846489494957323E-003  7.979321611589905E-003  6.033195442837608E-004
  9.437390896646984E-003  1.019321713608799E-003  1.087647675101236E-003
  2.683949783539956E-002  0.614137206209370     
 Design variables:  1.091611971970694E-003  1.006569251508274E-003
  9.703988941461256E-003  9.667689467188965E-003  9.631689463286136E-003
  9.601248449007695E-003  9.581311267421556E-003  9.752024608214904E-003
  9.846489494957323E-003  7.979321611589905E-003  6.033195442837608E-004
  9.437390896646984E-003  1.019321713608799E-003  1.087647675101236E-003
  2.683949783539956E-002  0.614137206209370     
 Mean drag value and variance:  3.997907316348043E-003  2.350296014214865E-008
    8  0.3997931E-02  0.6249724E-02  0.3616988E-03  0.2094916E-01  0.3511580E-05
 Calc con  1.155043949101837E-003  1.113248725392522E-003
  9.793829559617722E-003  9.762224050886548E-003  9.735270556167382E-003
  9.714690524843970E-003  9.699007346040733E-003  9.850164281015577E-003
  9.822465315645935E-003  9.979289729630908E-003  1.920238362106622E-003
  9.730930959099911E-003  1.121787195145266E-003  1.154872995755644E-003
  2.512802856586777E-002  0.606078369052353     
 Design variables:  1.155043949101837E-003  1.113248725392522E-003
  9.793829559617722E-003  9.762224050886548E-003  9.735270556167382E-003
  9.714690524843970E-003  9.699007346040733E-003  9.850164281015577E-003
  9.822465315645935E-003  9.979289729630908E-003  1.920238362106622E-003
  9.730930959099911E-003  1.121787195145266E-003  1.154872995755644E-003
  2.512802856586777E-002  0.606078369052353     
 Constraint value, mean lift and its standard deviation:  8.897301546284542E-005
  0.599911026984537       1.810403540355131E-002
 Calc obj  1.155043949101837E-003  1.113248725392522E-003
  9.793829559617722E-003  9.762224050886548E-003  9.735270556167382E-003
  9.714690524843970E-003  9.699007346040733E-003  9.850164281015577E-003
  9.822465315645935E-003  9.979289729630908E-003  1.920238362106622E-003
  9.730930959099911E-003  1.121787195145266E-003  1.154872995755644E-003
  2.512802856586777E-002  0.606078369052353     
 Design variables:  1.155043949101837E-003  1.113248725392522E-003
  9.793829559617722E-003  9.762224050886548E-003  9.735270556167382E-003
  9.714690524843970E-003  9.699007346040733E-003  9.850164281015577E-003
  9.822465315645935E-003  9.979289729630908E-003  1.920238362106622E-003
  9.730930959099911E-003  1.121787195145266E-003  1.154872995755644E-003
  2.512802856586777E-002  0.606078369052353     
 Mean drag value and variance:  4.010327842145428E-003  2.364710328178621E-008
 Calc con  1.155193027213537E-003  1.113421014244447E-003
  9.794298580087683E-003  9.762754212219888E-003  9.735822155631683E-003
  9.715215999850303E-003  9.699460223362877E-003  9.850624919378123E-003
  9.823039289646115E-003  9.979803116115899E-003  1.935827630729325E-003
  9.731558291613434E-003  1.121939297944277E-003  1.155011989655931E-003
  2.516563532113224E-002  0.606092367841836     
 Design variables:  1.155193027213537E-003  1.113421014244447E-003
  9.794298580087683E-003  9.762754212219888E-003  9.735822155631683E-003
  9.715215999850303E-003  9.699460223362877E-003  9.850624919378123E-003
  9.823039289646115E-003  9.979803116115899E-003  1.935827630729325E-003
  9.731558291613434E-003  1.121939297944277E-003  1.155011989655931E-003
  2.516563532113224E-002  0.606092367841836     
 Constraint value, mean lift and its standard deviation: -3.159910786969533E-004
  0.600315991078697       1.831937878656536E-002
 Calc obj  1.155193027213537E-003  1.113421014244447E-003
  9.794298580087683E-003  9.762754212219888E-003  9.735822155631683E-003
  9.715215999850303E-003  9.699460223362877E-003  9.850624919378123E-003
  9.823039289646115E-003  9.979803116115899E-003  1.935827630729325E-003
  9.731558291613434E-003  1.121939297944277E-003  1.155011989655931E-003
  2.516563532113224E-002  0.606092367841836     
 Design variables:  1.155193027213537E-003  1.113421014244447E-003
  9.794298580087683E-003  9.762754212219888E-003  9.735822155631683E-003
  9.715215999850303E-003  9.699460223362877E-003  9.850624919378123E-003
  9.823039289646115E-003  9.979803116115899E-003  1.935827630729325E-003
  9.731558291613434E-003  1.121939297944277E-003  1.155011989655931E-003
  2.516563532113224E-002  0.606092367841836     
 Mean drag value and variance:  4.008831873849341E-003  2.495586801193827E-008
    9  0.4008857E-02  0.8058837E-02  0.5805892E-04  0.1333955E-01  0.2141270E-05
 Calc con  1.032144421601643E-003  9.426748790856989E-004
  9.499136785629400E-003  9.419729429906121E-003  9.350038072912115E-003
  9.291126342610392E-003  9.234307360948515E-003  9.738664147862227E-003
  9.505600292134847E-003  8.295530651769167E-003  6.343326366696352E-003
  9.313448132379439E-003  9.607795769247048E-004  1.031016389912771E-003
  2.588383411726404E-002  0.600060913778418     
 Design variables:  1.032144421601643E-003  9.426748790856989E-004
  9.499136785629400E-003  9.419729429906121E-003  9.350038072912115E-003
  9.291126342610392E-003  9.234307360948515E-003  9.738664147862227E-003
  9.505600292134847E-003  8.295530651769167E-003  6.343326366696352E-003
  9.313448132379439E-003  9.607795769247048E-004  1.031016389912771E-003
  2.588383411726404E-002  0.600060913778418     
 Constraint value, mean lift and its standard deviation: -1.043006217180564E-003
  0.601043006217181       1.793873808261305E-002
 Calc obj  1.032144421601643E-003  9.426748790856989E-004
  9.499136785629400E-003  9.419729429906121E-003  9.350038072912115E-003
  9.291126342610392E-003  9.234307360948515E-003  9.738664147862227E-003
  9.505600292134847E-003  8.295530651769167E-003  6.343326366696352E-003
  9.313448132379439E-003  9.607795769247048E-004  1.031016389912771E-003
  2.588383411726404E-002  0.600060913778418     
 Design variables:  1.032144421601643E-003  9.426748790856989E-004
  9.499136785629400E-003  9.419729429906121E-003  9.350038072912115E-003
  9.291126342610392E-003  9.234307360948515E-003  9.738664147862227E-003
  9.505600292134847E-003  8.295530651769167E-003  6.343326366696352E-003
  9.313448132379439E-003  9.607795769247048E-004  1.031016389912771E-003
  2.588383411726404E-002  0.600060913778418     
 Mean drag value and variance:  4.008428502429602E-003  2.254813246395203E-008
   10  0.4008451E-02  0.6079134E-02  0.3558640E-04  0.2004557E-01  0.6775569E-05
 Calc con  1.002812991639643E-003  9.051064525821963E-004
  9.421897178782534E-003  9.331821884200417E-003  9.252833643554594E-003
  9.185745268822033E-003  9.120088175083980E-003  9.677430593587541E-003
  9.424213268358725E-003  8.324969064707609E-003  9.963443163666964E-003
  9.246978781932256E-003  9.252153504832902E-004  1.001212132398532E-003
  2.394366176854252E-002  0.601796470549078     
 Design variables:  1.002812991639643E-003  9.051064525821963E-004
  9.421897178782534E-003  9.331821884200417E-003  9.252833643554594E-003
  9.185745268822033E-003  9.120088175083980E-003  9.677430593587541E-003
  9.424213268358725E-003  8.324969064707609E-003  9.963443163666964E-003
  9.246978781932256E-003  9.252153504832902E-004  1.001212132398532E-003
  2.394366176854252E-002  0.601796470549078     
 Constraint value, mean lift and its standard deviation: -7.417508013616292E-004
  0.600741750801362       1.824641301652460E-002
 Calc obj  1.002812991639643E-003  9.051064525821963E-004
  9.421897178782534E-003  9.331821884200417E-003  9.252833643554594E-003
  9.185745268822033E-003  9.120088175083980E-003  9.677430593587541E-003
  9.424213268358725E-003  8.324969064707609E-003  9.963443163666964E-003
  9.246978781932256E-003  9.252153504832902E-004  1.001212132398532E-003
  2.394366176854252E-002  0.601796470549078     
 Design variables:  1.002812991639643E-003  9.051064525821963E-004
  9.421897178782534E-003  9.331821884200417E-003  9.252833643554594E-003
  9.185745268822033E-003  9.120088175083980E-003  9.677430593587541E-003
  9.424213268358725E-003  8.324969064707609E-003  9.963443163666964E-003
  9.246978781932256E-003  9.252153504832902E-004  1.001212132398532E-003
  2.394366176854252E-002  0.601796470549078     
 Mean drag value and variance:  4.063264046144514E-003  2.289849141886367E-008
 Calc con  1.002935843366968E-003  9.052669010137601E-004
  9.422211313210584E-003  9.332182384704235E-003  9.253230747624635E-003
  9.186168270993361E-003  9.120531013634414E-003  9.677638625149360E-003
  9.424556207042616E-003  8.325489078721850E-003  9.963443163666964E-003
  9.247352832942778E-003  9.253660547873562E-004  1.001336646735635E-003
  2.395341175187961E-002  0.601793074480303     
 Design variables:  1.002935843366968E-003  9.052669010137601E-004
  9.422211313210584E-003  9.332182384704235E-003  9.253230747624635E-003
  9.186168270993361E-003  9.120531013634414E-003  9.677638625149360E-003
  9.424556207042616E-003  8.325489078721850E-003  9.963443163666964E-003
  9.247352832942778E-003  9.253660547873562E-004  1.001336646735635E-003
  2.395341175187961E-002  0.601793074480303     
 Constraint value, mean lift and its standard deviation: -8.234913176575764E-004
  0.600823491317658       1.811502141968945E-002
 Calc obj  1.002935843366968E-003  9.052669010137601E-004
  9.422211313210584E-003  9.332182384704235E-003  9.253230747624635E-003
  9.186168270993361E-003  9.120531013634414E-003  9.677638625149360E-003
  9.424556207042616E-003  8.325489078721850E-003  9.963443163666964E-003
  9.247352832942778E-003  9.253660547873562E-004  1.001336646735635E-003
  2.395341175187961E-002  0.601793074480303     
 Design variables:  1.002935843366968E-003  9.052669010137601E-004
  9.422211313210584E-003  9.332182384704235E-003  9.253230747624635E-003
  9.186168270993361E-003  9.120531013634414E-003  9.677638625149360E-003
  9.424556207042616E-003  8.325489078721850E-003  9.963443163666964E-003
  9.247352832942778E-003  9.253660547873562E-004  1.001336646735635E-003
  2.395341175187961E-002  0.601793074480303     
 Mean drag value and variance:  4.064864197921595E-003  2.312355720297159E-008
 Calc con  1.002940601012186E-003  9.052731146562526E-004
  9.422223478608594E-003  9.332196345708570E-003  9.253246126165258E-003
  9.186184652482663E-003  9.120548163321739E-003  9.677646681530717E-003
  9.424569487935172E-003  8.325509217162283E-003  9.963443163666964E-003
  9.247367318713867E-003  9.253718910716901E-004  1.001341468768287E-003
  2.395378933681629E-002  0.601792942961677     
 Design variables:  1.002940601012186E-003  9.052731146562526E-004
  9.422223478608594E-003  9.332196345708570E-003  9.253246126165258E-003
  9.186184652482663E-003  9.120548163321739E-003  9.677646681530717E-003
  9.424569487935172E-003  8.325509217162283E-003  9.963443163666964E-003
  9.247367318713867E-003  9.253718910716901E-004  1.001341468768287E-003
  2.395378933681629E-002  0.601792942961677     
 Constraint value, mean lift and its standard deviation: -8.236096630820366E-004
  0.600823609663082       1.817982593425082E-002
 Calc obj  1.002940601012186E-003  9.052731146562526E-004
  9.422223478608594E-003  9.332196345708570E-003  9.253246126165258E-003
  9.186184652482663E-003  9.120548163321739E-003  9.677646681530717E-003
  9.424569487935172E-003  8.325509217162283E-003  9.963443163666964E-003
  9.247367318713867E-003  9.253718910716901E-004  1.001341468768287E-003
  2.395378933681629E-002  0.601792942961677     
 Design variables:  1.002940601012186E-003  9.052731146562526E-004
  9.422223478608594E-003  9.332196345708570E-003  9.253246126165258E-003
  9.186184652482663E-003  9.120548163321739E-003  9.677646681530717E-003
  9.424569487935172E-003  8.325509217162283E-003  9.963443163666964E-003
  9.247367318713867E-003  9.253718910716901E-004  1.001341468768287E-003
  2.395378933681629E-002  0.601792942961677     
 Mean drag value and variance:  4.064759302405254E-003  2.299818714122741E-008
 Calc con  1.017478706620643E-003  9.238906658339476E-004
  9.460516982205968E-003  9.375775657053269E-003  9.301435858233354E-003
  9.238435805716212E-003  9.177197768016248E-003  9.708047370724884E-003
  9.464906780246786E-003  8.310249858238389E-003  8.153384765181657E-003
  9.280213457155849E-003  9.429974637039975E-004  1.016114261155652E-003
  2.491374794290328E-002  0.600928692163748     
 Design variables:  1.017478706620643E-003  9.238906658339476E-004
  9.460516982205968E-003  9.375775657053269E-003  9.301435858233354E-003
  9.238435805716212E-003  9.177197768016248E-003  9.708047370724884E-003
  9.464906780246786E-003  8.310249858238389E-003  8.153384765181657E-003
  9.280213457155849E-003  9.429974637039975E-004  1.016114261155652E-003
  2.491374794290328E-002  0.600928692163748     
 Constraint value, mean lift and its standard deviation: -7.958223130508646E-004
  0.600795822313051       1.805846411909375E-002
 Calc obj  1.017478706620643E-003  9.238906658339476E-004
  9.460516982205968E-003  9.375775657053269E-003  9.301435858233354E-003
  9.238435805716212E-003  9.177197768016248E-003  9.708047370724884E-003
  9.464906780246786E-003  8.310249858238389E-003  8.153384765181657E-003
  9.280213457155849E-003  9.429974637039975E-004  1.016114261155652E-003
  2.491374794290328E-002  0.600928692163748     
 Design variables:  1.017478706620643E-003  9.238906658339476E-004
  9.460516982205968E-003  9.375775657053269E-003  9.301435858233354E-003
  9.238435805716212E-003  9.177197768016248E-003  9.708047370724884E-003
  9.464906780246786E-003  8.310249858238389E-003  8.153384765181657E-003
  9.280213457155849E-003  9.429974637039975E-004  1.016114261155652E-003
  2.491374794290328E-002  0.600928692163748     
 Mean drag value and variance:  4.035142995197481E-003  2.277222009451410E-008
   11  0.4035166E-02  0.1739958E-01  0.3719941E-03  0.6400462E-02  0.1306680E-04
 Calc con  1.001098636591633E-003  9.059817486578339E-004
  9.387956505656068E-003  9.295548187799272E-003  9.217997588920340E-003
  9.155865807865581E-003  9.096761146517600E-003  9.462047076766634E-003
  9.349634283062026E-003  9.563514998246989E-003  9.999994155065604E-003
  9.488735533203325E-003  9.292512086404223E-004  9.961843924463545E-004
  2.331539204887851E-002  0.601554914340395     
 Design variables:  1.001098636591633E-003  9.059817486578339E-004
  9.387956505656068E-003  9.295548187799272E-003  9.217997588920340E-003
  9.155865807865581E-003  9.096761146517600E-003  9.462047076766634E-003
  9.349634283062026E-003  9.563514998246989E-003  9.999994155065604E-003
  9.488735533203325E-003  9.292512086404223E-004  9.961843924463545E-004
  2.331539204887851E-002  0.601554914340395     
 Constraint value, mean lift and its standard deviation: -7.842504685517948E-004
  0.600784250468552       1.823534046963937E-002
 Calc obj  1.001098636591633E-003  9.059817486578339E-004
  9.387956505656068E-003  9.295548187799272E-003  9.217997588920340E-003
  9.155865807865581E-003  9.096761146517600E-003  9.462047076766634E-003
  9.349634283062026E-003  9.563514998246989E-003  9.999994155065604E-003
  9.488735533203325E-003  9.292512086404223E-004  9.961843924463545E-004
  2.331539204887851E-002  0.601554914340395     
 Design variables:  1.001098636591633E-003  9.059817486578339E-004
  9.387956505656068E-003  9.295548187799272E-003  9.217997588920340E-003
  9.155865807865581E-003  9.096761146517600E-003  9.462047076766634E-003
  9.349634283062026E-003  9.563514998246989E-003  9.999994155065604E-003
  9.488735533203325E-003  9.292512086404223E-004  9.961843924463545E-004
  2.331539204887851E-002  0.601554914340395     
 Mean drag value and variance:  4.086157247244725E-003  2.354908042362491E-008
 Calc con  1.001517369082522E-003  9.064929188688957E-004
  9.389167217177230E-003  9.296918505910386E-003  9.219470094573433E-003
  9.157380647261824E-003  9.098277367311679E-003  9.463439712676099E-003
  9.351392479797856E-003  9.564572372217136E-003  9.999994155065604E-003
  9.489711087561562E-003  9.297242373927231E-004  9.966200118331934E-004
  2.333746625934224E-002  0.601552793994001     
 Design variables:  1.001517369082522E-003  9.064929188688957E-004
  9.389167217177230E-003  9.296918505910386E-003  9.219470094573433E-003
  9.157380647261824E-003  9.098277367311679E-003  9.463439712676099E-003
  9.351392479797856E-003  9.564572372217136E-003  9.999994155065604E-003
  9.489711087561562E-003  9.297242373927231E-004  9.966200118331934E-004
  2.333746625934224E-002  0.601552793994001     
 Constraint value, mean lift and its standard deviation: -9.764475899733949E-004
  0.600976447589973       1.812472938888527E-002
 Calc obj  1.001517369082522E-003  9.064929188688957E-004
  9.389167217177230E-003  9.296918505910386E-003  9.219470094573433E-003
  9.157380647261824E-003  9.098277367311679E-003  9.463439712676099E-003
  9.351392479797856E-003  9.564572372217136E-003  9.999994155065604E-003
  9.489711087561562E-003  9.297242373927231E-004  9.966200118331934E-004
  2.333746625934224E-002  0.601552793994001     
 Design variables:  1.001517369082522E-003  9.064929188688957E-004
  9.389167217177230E-003  9.296918505910386E-003  9.219470094573433E-003
  9.157380647261824E-003  9.098277367311679E-003  9.463439712676099E-003
  9.351392479797856E-003  9.564572372217136E-003  9.999994155065604E-003
  9.489711087561562E-003  9.297242373927231E-004  9.966200118331934E-004
  2.333746625934224E-002  0.601552793994001     
 Mean drag value and variance:  4.090149285807413E-003  2.279403764366827E-008
   12  0.4090172E-02  0.2496862E-02  0.2532149E-03  0.1723014E-02  0.8580482E-05
 Calc con  1.012099593762721E-003  9.201229035273233E-004
  9.405362718172831E-003  9.315383637897804E-003  9.240513569752758E-003
  9.181275919369455E-003  9.124644051391689E-003  9.287972108440738E-003
  9.384524772706614E-003  9.418583229071985E-003  9.454808385128490E-003
  9.543568266547118E-003  9.440677020736202E-004  1.005870445577493E-003
  2.366497488523015E-002  0.602152430237800     
 Design variables:  1.012099593762721E-003  9.201229035273233E-004
  9.405362718172831E-003  9.315383637897804E-003  9.240513569752758E-003
  9.181275919369455E-003  9.124644051391689E-003  9.287972108440738E-003
  9.384524772706614E-003  9.418583229071985E-003  9.454808385128490E-003
  9.543568266547118E-003  9.440677020736202E-004  1.005870445577493E-003
  2.366497488523015E-002  0.602152430237800     
 Constraint value, mean lift and its standard deviation: -1.328217455282554E-003
  0.601328217455283       1.829124639193468E-002
 Calc obj  1.012099593762721E-003  9.201229035273233E-004
  9.405362718172831E-003  9.315383637897804E-003  9.240513569752758E-003
  9.181275919369455E-003  9.124644051391689E-003  9.287972108440738E-003
  9.384524772706614E-003  9.418583229071985E-003  9.454808385128490E-003
  9.543568266547118E-003  9.440677020736202E-004  1.005870445577493E-003
  2.366497488523015E-002  0.602152430237800     
 Design variables:  1.012099593762721E-003  9.201229035273233E-004
  9.405362718172831E-003  9.315383637897804E-003  9.240513569752758E-003
  9.181275919369455E-003  9.124644051391689E-003  9.287972108440738E-003
  9.384524772706614E-003  9.418583229071985E-003  9.454808385128490E-003
  9.543568266547118E-003  9.440677020736202E-004  1.005870445577493E-003
  2.366497488523015E-002  0.602152430237800     
 Mean drag value and variance:  4.076114204701917E-003  2.371198920172307E-008
   13  0.4076138E-02  0.5996362E-03  0.1236888E-03  0.5935786E-03  0.8580482E-05
 Calc con  1.009506426829287E-003  9.169108990896691E-004
  9.398221880215073E-003  9.307399907141200E-003  9.232219278897044E-003
  9.173213224883334E-003  9.117284038358420E-003  9.269645177904986E-003
  9.370521782254265E-003  9.437778435047409E-003  9.492182678565888E-003
  9.540986323499737E-003  9.412631958901662E-004  1.003279083196209E-003
  2.365289686410652E-002  0.602211344404093     
 Design variables:  1.009506426829287E-003  9.169108990896691E-004
  9.398221880215073E-003  9.307399907141200E-003  9.232219278897044E-003
  9.173213224883334E-003  9.117284038358420E-003  9.269645177904986E-003
  9.370521782254265E-003  9.437778435047409E-003  9.492182678565888E-003
  9.540986323499737E-003  9.412631958901662E-004  1.003279083196209E-003
  2.365289686410652E-002  0.602211344404093     
 Constraint value, mean lift and its standard deviation: -1.197826166439486E-003
  0.601197826166439       1.819053832641005E-002
 Calc obj  1.009506426829287E-003  9.169108990896691E-004
  9.398221880215073E-003  9.307399907141200E-003  9.232219278897044E-003
  9.173213224883334E-003  9.117284038358420E-003  9.269645177904986E-003
  9.370521782254265E-003  9.437778435047409E-003  9.492182678565888E-003
  9.540986323499737E-003  9.412631958901662E-004  1.003279083196209E-003
  2.365289686410652E-002  0.602211344404093     
 Design variables:  1.009506426829287E-003  9.169108990896691E-004
  9.398221880215073E-003  9.307399907141200E-003  9.232219278897044E-003
  9.173213224883334E-003  9.117284038358420E-003  9.269645177904986E-003
  9.370521782254265E-003  9.437778435047409E-003  9.492182678565888E-003
  9.540986323499737E-003  9.412631958901662E-004  1.003279083196209E-003
  2.365289686410652E-002  0.602211344404093     
 Mean drag value and variance:  4.076403590672721E-003  2.346038334914257E-008
   14  0.4076427E-02  0.5891417E-04  0.9524728E-05  0.1804666E-03  0.8580482E-05
 
 The solution was found.
 
 The final value of the objective function is   4.076427051056070E-003
 
 The optimal values of X are:
 
 X  (           1 ) =   1.009506426829287E-003
 X  (           2 ) =   9.169108990896691E-004
 X  (           3 ) =   9.398221880215073E-003
 X  (           4 ) =   9.307399907141200E-003
 X  (           5 ) =   9.232219278897044E-003
 X  (           6 ) =   9.173213224883334E-003
 X  (           7 ) =   9.117284038358420E-003
 X  (           8 ) =   9.269645177904986E-003
 X  (           9 ) =   9.370521782254265E-003
 X  (          10 ) =   9.437778435047409E-003
 X  (          11 ) =   9.492182678565888E-003
 X  (          12 ) =   9.540986323499737E-003
 X  (          13 ) =   9.412631958901662E-004
 X  (          14 ) =   1.003279083196209E-003
 X  (          15 ) =    1.35521116357152     
 X  (          16 ) =   0.602211344404093     
 
 The multipliers for the equality constraints are:
 
 LAM(           1 ) =   7.106781271401401E-003
 
 Mean drag and its variance:  4.076403590672721E-003  2.346038334914257E-008
