           1  0.903269016756258        9.47875681360489     
           2  0.804051544851044        6.40148161032065     
           3  0.602052657447560        4.12120220722302     
           4  0.501866158189287        3.56520286948042     
           5  0.399694860583434        3.15320863888925     
           6  0.301158507701292        2.82916936744641     
           7  0.205346444050076        2.52409316548215     
           8  0.202450889381161        3.99164266826472     
           9  0.301538478396521        4.60703966966427     
          10  0.402014946835827        5.07387265304723     
          11  0.504570952907477        5.43719578409149     
          12  0.604736568670243        5.74909739003507     
          13  0.803383624472688        6.96709883710791     
          14  0.901823325566936        9.21680892866788     
          15   9.16691281325340     
          16  0.956196226691710     
