           1  0.903269016756258        9.48297695248645     
           2  0.804051544851044        6.40182298803998     
           3  0.602052657447560        4.11777168658845     
           4  0.501866158189287        3.56012633092040     
           5  0.399694860583434        3.14619792364027     
           6  0.301158507701292        2.81994682632553     
           7  0.205346444050076        2.51243561360790     
           8  0.202450889381161        4.02605993153134     
           9  0.301538478396521        4.64117568979277     
          10  0.402014946835827        5.10426283897069     
          11  0.504570952907477        5.46122967965008     
          12  0.604736568670243        5.76635314275397     
          13  0.803383624472688        6.97881334516754     
          14  0.901823325566936        9.23272916939799     
          15   9.18275239311050     
          16  0.989684922082025     
