 >> Number of Processors =   1
 Calc con  0.000000000000000E+000  0.000000000000000E+000
  0.000000000000000E+000  0.000000000000000E+000  0.000000000000000E+000
  0.000000000000000E+000  0.000000000000000E+000  0.000000000000000E+000
  0.000000000000000E+000  0.000000000000000E+000  0.000000000000000E+000
  0.000000000000000E+000  0.000000000000000E+000  0.000000000000000E+000
  3.490658503988659E-002  0.650000000000000     
 Design variables:  0.000000000000000E+000  0.000000000000000E+000
  0.000000000000000E+000  0.000000000000000E+000  0.000000000000000E+000
  0.000000000000000E+000  0.000000000000000E+000  0.000000000000000E+000
  0.000000000000000E+000  0.000000000000000E+000  0.000000000000000E+000
  0.000000000000000E+000  0.000000000000000E+000  0.000000000000000E+000
  3.490658503988659E-002  0.650000000000000     
 Constraint value, mean lift and its standard deviation:  0.345679080285347     
  0.324426074668432       1.752628873844489E-002
 Calc obj  0.000000000000000E+000  0.000000000000000E+000
  0.000000000000000E+000  0.000000000000000E+000  0.000000000000000E+000
  0.000000000000000E+000  0.000000000000000E+000  0.000000000000000E+000
  0.000000000000000E+000  0.000000000000000E+000  0.000000000000000E+000
  0.000000000000000E+000  0.000000000000000E+000  0.000000000000000E+000
  3.490658503988659E-002  0.650000000000000     
 Design variables:  0.000000000000000E+000  0.000000000000000E+000
  0.000000000000000E+000  0.000000000000000E+000  0.000000000000000E+000
  0.000000000000000E+000  0.000000000000000E+000  0.000000000000000E+000
  0.000000000000000E+000  0.000000000000000E+000  0.000000000000000E+000
  0.000000000000000E+000  0.000000000000000E+000  0.000000000000000E+000
  3.490658503988659E-002  0.650000000000000     
 Mean drag value and variance:  2.606401846003295E-003  9.432478874542607E-009
 
 iter    objective      ||grad||        inf_pr          inf_du         lg(mu)
    0  0.2606411E-02  0.0000000E+00  0.3556791E+00  0.9955726E+00  0.1000000E+01
 Calc con  9.154109996074283E-004  6.505803633746731E-004
  3.674901527693971E-003  3.265590069535902E-003  2.913708815364267E-003
  2.585587870854789E-003  2.235195549182331E-003  2.881922012617309E-003
  3.137420511015990E-003  3.352699382708411E-003  3.599967329655381E-003
  3.933229537838569E-003  6.695235297984299E-004  9.223513857388087E-004
  5.762769581369533E-002  0.662864601232596     
 Design variables:  9.154109996074283E-004  6.505803633746731E-004
  3.674901527693971E-003  3.265590069535902E-003  2.913708815364267E-003
  2.585587870854789E-003  2.235195549182331E-003  2.881922012617309E-003
  3.137420511015990E-003  3.352699382708411E-003  3.599967329655381E-003
  3.933229537838569E-003  6.695235297984299E-004  9.223513857388087E-004
  5.762769581369533E-002  0.662864601232596     
 Constraint value, mean lift and its standard deviation: -4.456816158645004E-002
  0.728161479493184       2.089832947668347E-002
 Calc obj  9.154109996074283E-004  6.505803633746731E-004
  3.674901527693971E-003  3.265590069535902E-003  2.913708815364267E-003
  2.585587870854789E-003  2.235195549182331E-003  2.881922012617309E-003
  3.137420511015990E-003  3.352699382708411E-003  3.599967329655381E-003
  3.933229537838569E-003  6.695235297984299E-004  9.223513857388087E-004
  5.762769581369533E-002  0.662864601232596     
 Design variables:  9.154109996074283E-004  6.505803633746731E-004
  3.674901527693971E-003  3.265590069535902E-003  2.913708815364267E-003
  2.585587870854789E-003  2.235195549182331E-003  2.881922012617309E-003
  3.137420511015990E-003  3.352699382708411E-003  3.599967329655381E-003
  3.933229537838569E-003  6.695235297984299E-004  9.223513857388087E-004
  5.762769581369533E-002  0.662864601232596     
 Mean drag value and variance:  8.183759827912062E-003  4.397192864824025E-006
    1  0.8188157E-02  0.2419411E-01  0.1037406E-01  0.8102978E+00  0.2569640E-01
 Calc con  8.369479742677282E-004  5.961998489940461E-004
  3.648040345298415E-003  3.260834579660577E-003  2.927419570049808E-003
  2.614734154271441E-003  2.276839970958412E-003  2.155087400932334E-003
  2.848246493983209E-003  3.560694822414198E-003  4.036739642338098E-003
  4.238178755455893E-003  6.137030707603125E-004  8.432805074005652E-004
  5.786251598172789E-002  0.655737262915984     
 Design variables:  8.369479742677282E-004  5.961998489940461E-004
  3.648040345298415E-003  3.260834579660577E-003  2.927419570049808E-003
  2.614734154271441E-003  2.276839970958412E-003  2.155087400932334E-003
  2.848246493983209E-003  3.560694822414198E-003  4.036739642338098E-003
  4.238178755455893E-003  6.137030707603125E-004  8.432805074005652E-004
  5.786251598172789E-002  0.655737262915984     
 Constraint value, mean lift and its standard deviation: -3.223142912915739E-002
  0.719951776870444       2.193008693532174E-002
 Calc obj  8.369479742677282E-004  5.961998489940461E-004
  3.648040345298415E-003  3.260834579660577E-003  2.927419570049808E-003
  2.614734154271441E-003  2.276839970958412E-003  2.155087400932334E-003
  2.848246493983209E-003  3.560694822414198E-003  4.036739642338098E-003
  4.238178755455893E-003  6.137030707603125E-004  8.432805074005652E-004
  5.786251598172789E-002  0.655737262915984     
 Design variables:  8.369479742677282E-004  5.961998489940461E-004
  3.648040345298415E-003  3.260834579660577E-003  2.927419570049808E-003
  2.614734154271441E-003  2.276839970958412E-003  2.155087400932334E-003
  2.848246493983209E-003  3.560694822414198E-003  4.036739642338098E-003
  4.238178755455893E-003  6.137030707603125E-004  8.432805074005652E-004
  5.786251598172789E-002  0.655737262915984     
 Mean drag value and variance:  6.646782565057113E-003  1.915644312280407E-006
    2  0.6648698E-02  0.7127338E-02  0.5693670E-02  0.2191863E+00  0.2395521E-02
 Calc con  6.556750547563723E-004  4.680844540818279E-004
  3.791053790965958E-003  3.425016690354885E-003  3.114482681732032E-003
  2.825157672944542E-003  2.506910205784100E-003  1.163681436791860E-003
  5.473553436376452E-003  6.561937447545282E-003  5.894784588263443E-003
  4.836295518870781E-003  4.811268174343752E-004  6.609426258283188E-004
  5.512702900780834E-002  0.637684824709655     
 Design variables:  6.556750547563723E-004  4.680844540818279E-004
  3.791053790965958E-003  3.425016690354885E-003  3.114482681732032E-003
  2.825157672944542E-003  2.506910205784100E-003  1.163681436791860E-003
  5.473553436376452E-003  6.561937447545282E-003  5.894784588263443E-003
  4.836295518870781E-003  4.811268174343752E-004  6.609426258283188E-004
  5.512702900780834E-002  0.637684824709655     
 Constraint value, mean lift and its standard deviation: -1.603393428425698E-002
  0.704728257864556       2.217358089507486E-002
 Calc obj  6.556750547563723E-004  4.680844540818279E-004
  3.791053790965958E-003  3.425016690354885E-003  3.114482681732032E-003
  2.825157672944542E-003  2.506910205784100E-003  1.163681436791860E-003
  5.473553436376452E-003  6.561937447545282E-003  5.894784588263443E-003
  4.836295518870781E-003  4.811268174343752E-004  6.609426258283188E-004
  5.512702900780834E-002  0.637684824709655     
 Design variables:  6.556750547563723E-004  4.680844540818279E-004
  3.791053790965958E-003  3.425016690354885E-003  3.114482681732032E-003
  2.825157672944542E-003  2.506910205784100E-003  1.163681436791860E-003
  5.473553436376452E-003  6.561937447545282E-003  5.894784588263443E-003
  4.836295518870781E-003  4.811268174343752E-004  6.609426258283188E-004
  5.512702900780834E-002  0.637684824709655     
 Mean drag value and variance:  5.239430411502571E-003  1.370153779800704E-007
    3  0.5239567E-02  0.1805244E-01  0.1842728E-01  0.2052465E+00  0.6586172E-03
 Calc con  6.537562840088570E-004  4.689015713597426E-004
  4.190038148033953E-003  3.785547491692469E-003  3.444979235153331E-003
  3.131225081563965E-003  2.787229374891913E-003  1.360840075154477E-003
  5.540872577928323E-003  6.648765864469735E-003  6.141501964210566E-003
  5.400352325237833E-003  4.842141618306799E-004  6.573648160867159E-004
  5.491006544164330E-002  0.634407335036222     
 Design variables:  6.537562840088570E-004  4.689015713597426E-004
  4.190038148033953E-003  3.785547491692469E-003  3.444979235153331E-003
  3.131225081563965E-003  2.787229374891913E-003  1.360840075154477E-003
  5.540872577928323E-003  6.648765864469735E-003  6.141501964210566E-003
  5.400352325237833E-003  4.842141618306799E-004  6.573648160867159E-004
  5.491006544164330E-002  0.634407335036222     
 Constraint value, mean lift and its standard deviation: -2.206269214023285E-002
  0.710476233113237       2.210338524325114E-002
 Calc obj  6.537562840088570E-004  4.689015713597426E-004
  4.190038148033953E-003  3.785547491692469E-003  3.444979235153331E-003
  3.131225081563965E-003  2.787229374891913E-003  1.360840075154477E-003
  5.540872577928323E-003  6.648765864469735E-003  6.141501964210566E-003
  5.400352325237833E-003  4.842141618306799E-004  6.573648160867159E-004
  5.491006544164330E-002  0.634407335036222     
 Design variables:  6.537562840088570E-004  4.689015713597426E-004
  4.190038148033953E-003  3.785547491692469E-003  3.444979235153331E-003
  3.131225081563965E-003  2.787229374891913E-003  1.360840075154477E-003
  5.540872577928323E-003  6.648765864469735E-003  6.141501964210566E-003
  5.400352325237833E-003  4.842141618306799E-004  6.573648160867159E-004
  5.491006544164330E-002  0.634407335036222     
 Mean drag value and variance:  5.300817377042879E-003  1.571421857754000E-007
    4  0.5300975E-02  0.1091079E-01  0.1487734E-02  0.2717027E-01  0.3188977E-04
 Calc con  8.257044040135200E-004  6.372436457467295E-004
  4.821197087029475E-003  4.283641887402901E-003  3.848295209681424E-003
  3.467610109723991E-003  3.067277504269557E-003  2.857067374413965E-003
  5.322651783573085E-003  6.015471773300025E-003  6.278334387417718E-003
  6.535682989636325E-003  6.895992010147107E-004  8.025681659497616E-004
  5.077151745793321E-002  0.630688585280251     
 Design variables:  8.257044040135200E-004  6.372436457467295E-004
  4.821197087029475E-003  4.283641887402901E-003  3.848295209681424E-003
  3.467610109723991E-003  3.067277504269557E-003  2.857067374413965E-003
  5.322651783573085E-003  6.015471773300025E-003  6.278334387417718E-003
  6.535682989636325E-003  6.895992010147107E-004  8.025681659497616E-004
  5.077151745793321E-002  0.630688585280251     
 Constraint value, mean lift and its standard deviation: -4.149881809154071E-003
  0.689005112253209       2.121380761101386E-002
 Calc obj  8.257044040135200E-004  6.372436457467295E-004
  4.821197087029475E-003  4.283641887402901E-003  3.848295209681424E-003
  3.467610109723991E-003  3.067277504269557E-003  2.857067374413965E-003
  5.322651783573085E-003  6.015471773300025E-003  6.278334387417718E-003
  6.535682989636325E-003  6.895992010147107E-004  8.025681659497616E-004
  5.077151745793321E-002  0.630688585280251     
 Design variables:  8.257044040135200E-004  6.372436457467295E-004
  4.821197087029475E-003  4.283641887402901E-003  3.848295209681424E-003
  3.467610109723991E-003  3.067277504269557E-003  2.857067374413965E-003
  5.322651783573085E-003  6.015471773300025E-003  6.278334387417718E-003
  6.535682989636325E-003  6.895992010147107E-004  8.025681659497616E-004
  5.077151745793321E-002  0.630688585280251     
 Mean drag value and variance:  4.888379361050492E-003  6.197151117053409E-008
    5  0.4888441E-02  0.2025266E-01  0.8521154E-03  0.3093040E-01  0.1176474E-04
 Calc con -8.055951188260011E-004 -1.130079227647812E-003
  9.948221870870294E-003  9.498704143260824E-003  8.976635838831772E-003
  8.413204076786748E-003  7.715275121629536E-003  7.024804394652279E-003
  4.254156967642933E-003  5.676713105747708E-003  8.665280486895103E-003
  9.147918310264690E-003 -1.022330068258084E-003 -8.572483810843690E-004
  4.395358091579107E-002  0.628129087777029     
 Design variables: -8.055951188260011E-004 -1.130079227647812E-003
  9.948221870870294E-003  9.498704143260824E-003  8.976635838831772E-003
  8.413204076786748E-003  7.715275121629536E-003  7.024804394652279E-003
  4.254156967642933E-003  5.676713105747708E-003  8.665280486895103E-003
  9.147918310264690E-003 -1.022330068258084E-003 -8.572483810843690E-004
  4.395358091579107E-002  0.628129087777029     
 Constraint value, mean lift and its standard deviation: -7.673127319790071E-003
  0.690869981617792       2.079921357450054E-002
 Calc obj -8.055951188260011E-004 -1.130079227647812E-003
  9.948221870870294E-003  9.498704143260824E-003  8.976635838831772E-003
  8.413204076786748E-003  7.715275121629536E-003  7.024804394652279E-003
  4.254156967642933E-003  5.676713105747708E-003  8.665280486895103E-003
  9.147918310264690E-003 -1.022330068258084E-003 -8.572483810843690E-004
  4.395358091579107E-002  0.628129087777029     
 Design variables: -8.055951188260011E-004 -1.130079227647812E-003
  9.948221870870294E-003  9.498704143260824E-003  8.976635838831772E-003
  8.413204076786748E-003  7.715275121629536E-003  7.024804394652279E-003
  4.254156967642933E-003  5.676713105747708E-003  8.665280486895103E-003
  9.147918310264690E-003 -1.022330068258084E-003 -8.572483810843690E-004
  4.395358091579107E-002  0.628129087777029     
 Mean drag value and variance:  4.761292811040691E-003  5.363433404219668E-008
 Calc con -8.040096607711151E-004 -1.128437925769683E-003
  9.948221870870296E-003  9.500533493328113E-003  8.979875814993214E-003
  8.417299137243336E-003  7.719789718827938E-003  6.938367206649197E-003
  4.265366124274793E-003  5.760456670404650E-003  8.715640085579516E-003
  9.160865298102925E-003 -1.020707137746307E-003 -8.556869089439212E-004
  4.431315444846289E-002  0.628145232443655     
 Design variables: -8.040096607711151E-004 -1.128437925769683E-003
  9.948221870870296E-003  9.500533493328113E-003  8.979875814993214E-003
  8.417299137243336E-003  7.719789718827938E-003  6.938367206649197E-003
  4.265366124274793E-003  5.760456670404650E-003  8.715640085579516E-003
  9.160865298102925E-003 -1.020707137746307E-003 -8.556869089439212E-004
  4.431315444846289E-002  0.628145232443655     
 Constraint value, mean lift and its standard deviation: -1.089646133218364E-002
  0.694846524360153       2.098751575699227E-002
 Calc obj -8.040096607711151E-004 -1.128437925769683E-003
  9.948221870870296E-003  9.500533493328113E-003  8.979875814993214E-003
  8.417299137243336E-003  7.719789718827938E-003  6.938367206649197E-003
  4.265366124274793E-003  5.760456670404650E-003  8.715640085579516E-003
  9.160865298102925E-003 -1.020707137746307E-003 -8.556869089439212E-004
  4.431315444846289E-002  0.628145232443655     
 Design variables: -8.040096607711151E-004 -1.128437925769683E-003
  9.948221870870296E-003  9.500533493328113E-003  8.979875814993214E-003
  8.417299137243336E-003  7.719789718827938E-003  6.938367206649197E-003
  4.265366124274793E-003  5.760456670404650E-003  8.715640085579516E-003
  9.160865298102925E-003 -1.020707137746307E-003 -8.556869089439212E-004
  4.431315444846289E-002  0.628145232443655     
 Mean drag value and variance:  4.797736249087062E-003  5.654954728072245E-008
 Calc con -8.038322297969181E-004 -1.128254245229987E-003
  9.948221870870294E-003  9.500738218620960E-003  8.980238405554924E-003
  8.417757421563104E-003  7.720294954129840E-003  6.928693892097051E-003
  4.266620557701767E-003  5.769828537553042E-003  8.721275903333986E-003
  9.162314214810598E-003 -1.020525513173603E-003 -8.555121622691624E-004
  4.435339485848223E-002  0.628147039217362     
 Design variables: -8.038322297969181E-004 -1.128254245229987E-003
  9.948221870870294E-003  9.500738218620960E-003  8.980238405554924E-003
  8.417757421563104E-003  7.720294954129840E-003  6.928693892097051E-003
  4.266620557701767E-003  5.769828537553042E-003  8.721275903333986E-003
  9.162314214810598E-003 -1.020525513173603E-003 -8.555121622691624E-004
  4.435339485848223E-002  0.628147039217362     
 Constraint value, mean lift and its standard deviation: -1.180937954804871E-002
  0.695338917678593       2.088238453263614E-002
 Calc obj -8.038322297969181E-004 -1.128254245229987E-003
  9.948221870870294E-003  9.500738218620960E-003  8.980238405554924E-003
  8.417757421563104E-003  7.720294954129840E-003  6.928693892097051E-003
  4.266620557701767E-003  5.769828537553042E-003  8.721275903333986E-003
  9.162314214810598E-003 -1.020525513173603E-003 -8.555121622691624E-004
  4.435339485848223E-002  0.628147039217362     
 Design variables: -8.038322297969181E-004 -1.128254245229987E-003
  9.948221870870294E-003  9.500738218620960E-003  8.980238405554924E-003
  8.417757421563104E-003  7.720294954129840E-003  6.928693892097051E-003
  4.266620557701767E-003  5.769828537553042E-003  8.721275903333986E-003
  9.162314214810598E-003 -1.020525513173603E-003 -8.555121622691624E-004
  4.435339485848223E-002  0.628147039217362     
 Mean drag value and variance:  4.808802399647316E-003  5.632855246052760E-008
 Calc con -8.039668687979351E-004 -1.128393626555502E-003
  9.948221870870296E-003  9.500582868017513E-003  8.979963262890415E-003
  8.417409664113907E-003  7.719911569116967E-003  6.936034241851197E-003
  4.265668662666447E-003  5.762716933526549E-003  8.716999305768030E-003
  9.161214741063352E-003 -1.020663334380636E-003 -8.556447643575352E-004
  4.432285944249841E-002  0.628145668192894     
 Design variables: -8.039668687979351E-004 -1.128393626555502E-003
  9.948221870870296E-003  9.500582868017513E-003  8.979963262890415E-003
  8.417409664113907E-003  7.719911569116967E-003  6.936034241851197E-003
  4.265668662666447E-003  5.762716933526549E-003  8.716999305768030E-003
  9.161214741063352E-003 -1.020663334380636E-003 -8.556447643575352E-004
  4.432285944249841E-002  0.628145668192894     
 Constraint value, mean lift and its standard deviation: -1.140351364436365E-002
  0.695042651718534       2.090978451854261E-002
 Calc obj -8.039668687979351E-004 -1.128393626555502E-003
  9.948221870870296E-003  9.500582868017513E-003  8.979963262890415E-003
  8.417409664113907E-003  7.719911569116967E-003  6.936034241851197E-003
  4.265668662666447E-003  5.762716933526549E-003  8.716999305768030E-003
  9.161214741063352E-003 -1.020663334380636E-003 -8.556447643575352E-004
  4.432285944249841E-002  0.628145668192894     
 Design variables: -8.039668687979351E-004 -1.128393626555502E-003
  9.948221870870296E-003  9.500582868017513E-003  8.979963262890415E-003
  8.417409664113907E-003  7.719911569116967E-003  6.936034241851197E-003
  4.265668662666447E-003  5.762716933526549E-003  8.716999305768030E-003
  9.161214741063352E-003 -1.020663334380636E-003 -8.556447643575352E-004
  4.432285944249841E-002  0.628145668192894     
 Mean drag value and variance:  4.799309195751754E-003  5.346203287104963E-008
 Calc con  1.005464259375946E-005 -2.464177909505411E-004
  7.384709478949885E-003  6.891173015331861E-003  6.412465524256597E-003
  5.940407093255369E-003  5.391276312949547E-003  4.940935884533122E-003
  4.788404375608009E-003  5.846092439523867E-003  7.471807437156410E-003
  7.841800649950508E-003 -1.663654336216868E-004 -2.734010756730374E-005
  4.736254918686214E-002  0.629408836528640     
 Design variables:  1.005464259375946E-005 -2.464177909505411E-004
  7.384709478949885E-003  6.891173015331861E-003  6.412465524256597E-003
  5.940407093255369E-003  5.391276312949547E-003  4.940935884533122E-003
  4.788404375608009E-003  5.846092439523867E-003  7.471807437156410E-003
  7.841800649950508E-003 -1.663654336216868E-004 -2.734010756730374E-005
  4.736254918686214E-002  0.629408836528640     
 Constraint value, mean lift and its standard deviation: -6.444807484119977E-003
  0.690533444059166       2.102215914376150E-002
 Calc obj  1.005464259375946E-005 -2.464177909505411E-004
  7.384709478949885E-003  6.891173015331861E-003  6.412465524256597E-003
  5.940407093255369E-003  5.391276312949547E-003  4.940935884533122E-003
  4.788404375608009E-003  5.846092439523867E-003  7.471807437156410E-003
  7.841800649950508E-003 -1.663654336216868E-004 -2.734010756730374E-005
  4.736254918686214E-002  0.629408836528640     
 Design variables:  1.005464259375946E-005 -2.464177909505411E-004
  7.384709478949885E-003  6.891173015331861E-003  6.412465524256597E-003
  5.940407093255369E-003  5.391276312949547E-003  4.940935884533122E-003
  4.788404375608009E-003  5.846092439523867E-003  7.471807437156410E-003
  7.841800649950508E-003 -1.663654336216868E-004 -2.734010756730374E-005
  4.736254918686214E-002  0.629408836528640     
 Mean drag value and variance:  4.815111253000694E-003  4.147403527561720E-008
    6  0.4815153E-02  0.1428167E-01  0.1736280E-02  0.2712970E-01  0.1423391E-03
 Calc con  1.300573035844047E-004 -1.293119601589640E-004
  7.658846232098945E-003  7.234703773781431E-003  6.840271125715931E-003
  6.467670436248798E-003  6.035728237915135E-003  5.608207038297518E-003
  5.066376916638836E-003  6.139899322136470E-003  7.717189245407662E-003
  8.107498019998140E-003 -5.309132894299332E-005  8.432085823939285E-005
  4.512160868327664E-002  0.627318633111521     
 Design variables:  1.300573035844047E-004 -1.293119601589640E-004
  7.658846232098945E-003  7.234703773781431E-003  6.840271125715931E-003
  6.467670436248798E-003  6.035728237915135E-003  5.608207038297518E-003
  5.066376916638836E-003  6.139899322136470E-003  7.717189245407662E-003
  8.107498019998140E-003 -5.309132894299332E-005  8.432085823939285E-005
  4.512160868327664E-002  0.627318633111521     
 Constraint value, mean lift and its standard deviation: -3.460016305634250E-003
  0.686453115870585       2.074827489123775E-002
 Calc obj  1.300573035844047E-004 -1.293119601589640E-004
  7.658846232098945E-003  7.234703773781431E-003  6.840271125715931E-003
  6.467670436248798E-003  6.035728237915135E-003  5.608207038297518E-003
  5.066376916638836E-003  6.139899322136470E-003  7.717189245407662E-003
  8.107498019998140E-003 -5.309132894299332E-005  8.432085823939285E-005
  4.512160868327664E-002  0.627318633111521     
 Design variables:  1.300573035844047E-004 -1.293119601589640E-004
  7.658846232098945E-003  7.234703773781431E-003  6.840271125715931E-003
  6.467670436248798E-003  6.035728237915135E-003  5.608207038297518E-003
  5.066376916638836E-003  6.139899322136470E-003  7.717189245407662E-003
  8.107498019998140E-003 -5.309132894299332E-005  8.432085823939285E-005
  4.512160868327664E-002  0.627318633111521     
 Mean drag value and variance:  4.736836709084156E-003  5.157302420901220E-008
    7  0.4736888E-02  0.3108561E-02  0.1612510E-02  0.4432859E-01  0.1823738E-04
 Calc con  6.917958685154781E-004  3.592088651637591E-004
  8.963176152007195E-003  8.660424266769152E-003  8.413615519644646E-003
  8.234908732705734E-003  8.058457639347490E-003  7.948274673202547E-003
  4.765203820093804E-003  6.082371376005951E-003  8.577380489687840E-003
  9.266727014678412E-003  4.026636817236141E-004  5.337943575290278E-004
  3.777098796446189E-002  0.624211498576754     
 Design variables:  6.917958685154781E-004  3.592088651637591E-004
  8.963176152007195E-003  8.660424266769152E-003  8.413615519644646E-003
  8.234908732705734E-003  8.058457639347490E-003  7.948274673202547E-003
  4.765203820093804E-003  6.082371376005951E-003  8.577380489687840E-003
  9.266727014678412E-003  4.026636817236141E-004  5.337943575290278E-004
  3.777098796446189E-002  0.624211498576754     
 Constraint value, mean lift and its standard deviation:  3.908793402072577E-003
  0.676318147799045       2.005673530027945E-002
 Calc obj  6.917958685154781E-004  3.592088651637591E-004
  8.963176152007195E-003  8.660424266769152E-003  8.413615519644646E-003
  8.234908732705734E-003  8.058457639347490E-003  7.948274673202547E-003
  4.765203820093804E-003  6.082371376005951E-003  8.577380489687840E-003
  9.266727014678412E-003  4.026636817236141E-004  5.337943575290278E-004
  3.777098796446189E-002  0.624211498576754     
 Design variables:  6.917958685154781E-004  3.592088651637591E-004
  8.963176152007195E-003  8.660424266769152E-003  8.413615519644646E-003
  8.234908732705734E-003  8.058457639347490E-003  7.948274673202547E-003
  4.765203820093804E-003  6.082371376005951E-003  8.577380489687840E-003
  9.266727014678412E-003  4.026636817236141E-004  5.337943575290278E-004
  3.777098796446189E-002  0.624211498576754     
 Mean drag value and variance:  4.567096031155011E-003  4.251694446925675E-008
    8  0.4567139E-02  0.7350621E-02  0.4839091E-02  0.2864985E-01  0.4364961E-05
 Calc con  4.643776453224503E-004  1.241101988651637E-003
  6.496227201985125E-003  6.274239924457513E-003  6.103592549729997E-003
  5.906046193502720E-003  5.652295161080855E-003  5.510162663304374E-003
  6.641919145368480E-003  8.513206655505290E-003  7.446567593474247E-003
  7.601091942400655E-003  1.241189121965895E-003  1.090277332805016E-003
  4.227875695279892E-002  0.624951722204170     
 Design variables:  4.643776453224503E-004  1.241101988651637E-003
  6.496227201985125E-003  6.274239924457513E-003  6.103592549729997E-003
  5.906046193502720E-003  5.652295161080855E-003  5.510162663304374E-003
  6.641919145368480E-003  8.513206655505290E-003  7.446567593474247E-003
  7.601091942400655E-003  1.241189121965895E-003  1.090277332805016E-003
  4.227875695279892E-002  0.624951722204170     
 Constraint value, mean lift and its standard deviation: -5.572389193994373E-003
  0.689223350685015       2.091274037275504E-002
 Calc obj  4.643776453224503E-004  1.241101988651637E-003
  6.496227201985125E-003  6.274239924457513E-003  6.103592549729997E-003
  5.906046193502720E-003  5.652295161080855E-003  5.510162663304374E-003
  6.641919145368480E-003  8.513206655505290E-003  7.446567593474247E-003
  7.601091942400655E-003  1.241189121965895E-003  1.090277332805016E-003
  4.227875695279892E-002  0.624951722204170     
 Design variables:  4.643776453224503E-004  1.241101988651637E-003
  6.496227201985125E-003  6.274239924457513E-003  6.103592549729997E-003
  5.906046193502720E-003  5.652295161080855E-003  5.510162663304374E-003
  6.641919145368480E-003  8.513206655505290E-003  7.446567593474247E-003
  7.601091942400655E-003  1.241189121965895E-003  1.090277332805016E-003
  4.227875695279892E-002  0.624951722204170     
 Mean drag value and variance:  4.813393787654858E-003  5.456628911130974E-008
    9  0.4813448E-02  0.8281864E-02  0.1665739E-02  0.1976544E-01  0.6203531E-04
 Calc con  5.182844096127911E-004  5.871546584727767E-004
  7.323158369358606E-003  7.093223616834303E-003  6.907459172312592E-003
  6.723319068291819E-003  6.502156301967565E-003  6.226968028110671E-003
  7.690806499640542E-003  7.927349945211234E-003  8.310290401265130E-003
  8.206341628085591E-003  6.182443978712845E-004  6.607851950327652E-004
  4.084201589897939E-002  0.622534939010143     
 Design variables:  5.182844096127911E-004  5.871546584727767E-004
  7.323158369358606E-003  7.093223616834303E-003  6.907459172312592E-003
  6.723319068291819E-003  6.502156301967565E-003  6.226968028110671E-003
  7.690806499640542E-003  7.927349945211234E-003  8.310290401265130E-003
  8.206341628085591E-003  6.182443978712845E-004  6.607851950327652E-004
  4.084201589897939E-002  0.622534939010143     
 Constraint value, mean lift and its standard deviation: -5.192854698482172E-003
  0.687898771063916       2.067647909135834E-002
 Calc obj  5.182844096127911E-004  5.871546584727767E-004
  7.323158369358606E-003  7.093223616834303E-003  6.907459172312592E-003
  6.723319068291819E-003  6.502156301967565E-003  6.226968028110671E-003
  7.690806499640542E-003  7.927349945211234E-003  8.310290401265130E-003
  8.206341628085591E-003  6.182443978712845E-004  6.607851950327652E-004
  4.084201589897939E-002  0.622534939010143     
 Design variables:  5.182844096127911E-004  5.871546584727767E-004
  7.323158369358606E-003  7.093223616834303E-003  6.907459172312592E-003
  6.723319068291819E-003  6.502156301967565E-003  6.226968028110671E-003
  7.690806499640542E-003  7.927349945211234E-003  8.310290401265130E-003
  8.206341628085591E-003  6.182443978712845E-004  6.607851950327652E-004
  4.084201589897939E-002  0.622534939010143     
 Mean drag value and variance:  4.794651344815433E-003  5.879215195506626E-008
   10  0.4794710E-02  0.2416783E-02  0.1021554E-02  0.8980902E-02  0.5556812E-04
 Calc con  7.109873474954770E-004  6.874440644202996E-004
  8.553960302929335E-003  8.379204053144601E-003  8.248736071597028E-003
  8.147761500311232E-003  8.049433076769962E-003  8.081738275115114E-003
  8.379256601971148E-003  8.588152160412218E-003  9.010077570885735E-003
  9.081920348224177E-003  7.251519234395493E-004  7.889419961993968E-004
  3.502763298962791E-002  0.617175480482436     
 Design variables:  7.109873474954770E-004  6.874440644202996E-004
  8.553960302929335E-003  8.379204053144601E-003  8.248736071597028E-003
  8.147761500311232E-003  8.049433076769962E-003  8.081738275115114E-003
  8.379256601971148E-003  8.588152160412218E-003  9.010077570885735E-003
  9.081920348224177E-003  7.251519234395493E-004  7.889419961993968E-004
  3.502763298962791E-002  0.617175480482436     
 Constraint value, mean lift and its standard deviation:  3.199796303602856E-003
  0.677946314439814       2.028652768585411E-002
 Calc obj  7.109873474954770E-004  6.874440644202996E-004
  8.553960302929335E-003  8.379204053144601E-003  8.248736071597028E-003
  8.147761500311232E-003  8.049433076769962E-003  8.081738275115114E-003
  8.379256601971148E-003  8.588152160412218E-003  9.010077570885735E-003
  9.081920348224177E-003  7.251519234395493E-004  7.889419961993968E-004
  3.502763298962791E-002  0.617175480482436     
 Design variables:  7.109873474954770E-004  6.874440644202996E-004
  8.553960302929335E-003  8.379204053144601E-003  8.248736071597028E-003
  8.147761500311232E-003  8.049433076769962E-003  8.081738275115114E-003
  8.379256601971148E-003  8.588152160412218E-003  9.010077570885735E-003
  9.081920348224177E-003  7.251519234395493E-004  7.889419961993968E-004
  3.502763298962791E-002  0.617175480482436     
 Mean drag value and variance:  4.708285911847320E-003  4.293871455881356E-008
   11  0.4708329E-02  0.5814383E-02  0.5514770E-02  0.1966024E-01  0.1171947E-04
 Calc con  1.093172464343381E-003  9.780398704137263E-004
  9.510908740857778E-003  9.400867927966090E-003  9.291602391951063E-003
  9.186235751105949E-003  9.069359193889386E-003  9.768340010440328E-003
  9.999991783871126E-003  9.739440489244883E-003  9.576215125251499E-003
  9.582613095056373E-003  9.958371771605415E-004  1.065805327223592E-003
  2.945538095151006E-002  0.613622802203231     
 Design variables:  1.093172464343381E-003  9.780398704137263E-004
  9.510908740857778E-003  9.400867927966090E-003  9.291602391951063E-003
  9.186235751105949E-003  9.069359193889386E-003  9.768340010440328E-003
  9.999991783871126E-003  9.739440489244883E-003  9.576215125251499E-003
  9.582613095056373E-003  9.958371771605415E-004  1.065805327223592E-003
  2.945538095151006E-002  0.613622802203231     
 Constraint value, mean lift and its standard deviation:  4.127343755553958E-003
  0.675942270524091       2.001740356991118E-002
 Calc obj  1.093172464343381E-003  9.780398704137263E-004
  9.510908740857778E-003  9.400867927966090E-003  9.291602391951063E-003
  9.186235751105949E-003  9.069359193889386E-003  9.768340010440328E-003
  9.999991783871126E-003  9.739440489244883E-003  9.576215125251499E-003
  9.582613095056373E-003  9.958371771605415E-004  1.065805327223592E-003
  2.945538095151006E-002  0.613622802203231     
 Design variables:  1.093172464343381E-003  9.780398704137263E-004
  9.510908740857778E-003  9.400867927966090E-003  9.291602391951063E-003
  9.186235751105949E-003  9.069359193889386E-003  9.768340010440328E-003
  9.999991783871126E-003  9.739440489244883E-003  9.576215125251499E-003
  9.582613095056373E-003  9.958371771605415E-004  1.065805327223592E-003
  2.945538095151006E-002  0.613622802203231     
 Mean drag value and variance:  4.758407681124712E-003  6.799495922189220E-008
   12  0.4758476E-02  0.6884698E-02  0.5380857E-02  0.3271366E-01  0.1123930E-04
 Calc con  1.137260543092226E-003  1.114288423444281E-003
  9.814944062668019E-003  9.809787661615827E-003  9.806296018898965E-003
  9.800188637745172E-003  9.787224979370342E-003  9.591635568788054E-003
  9.456930165797505E-003  9.747338383858609E-003  9.899992498548071E-003
  9.913632600301255E-003  1.127535483023788E-003  1.148964840802519E-003
  2.917052811771047E-002  0.608550403438590     
 Design variables:  1.137260543092226E-003  1.114288423444281E-003
  9.814944062668019E-003  9.809787661615827E-003  9.806296018898965E-003
  9.800188637745172E-003  9.787224979370342E-003  9.591635568788054E-003
  9.456930165797505E-003  9.747338383858609E-003  9.899992498548071E-003
  9.913632600301255E-003  1.127535483023788E-003  1.148964840802519E-003
  2.917052811771047E-002  0.608550403438590     
 Constraint value, mean lift and its standard deviation: -7.168455606860885E-004
  0.678795730314456       1.951972118844241E-002
 Calc obj  1.137260543092226E-003  1.114288423444281E-003
  9.814944062668019E-003  9.809787661615827E-003  9.806296018898965E-003
  9.800188637745172E-003  9.787224979370342E-003  9.591635568788054E-003
  9.456930165797505E-003  9.747338383858609E-003  9.899992498548071E-003
  9.913632600301255E-003  1.127535483023788E-003  1.148964840802519E-003
  2.917052811771047E-002  0.608550403438590     
 Design variables:  1.137260543092226E-003  1.114288423444281E-003
  9.814944062668019E-003  9.809787661615827E-003  9.806296018898965E-003
  9.800188637745172E-003  9.787224979370342E-003  9.591635568788054E-003
  9.456930165797505E-003  9.747338383858609E-003  9.899992498548071E-003
  9.913632600301255E-003  1.127535483023788E-003  1.148964840802519E-003
  2.917052811771047E-002  0.608550403438590     
 Mean drag value and variance:  4.703217726218581E-003  3.925711313831662E-008
   13  0.4703257E-02  0.5072399E-02  0.3230739E-04  0.3595322E-01  0.1123930E-04
 Calc con  1.117866664477242E-003  1.042638645064317E-003
  9.626534764031183E-003  9.552085174908234E-003  9.480744664167227E-003
  9.414351276579818E-003  9.342624681746141E-003  9.774849462621558E-003
  9.926721267971226E-003  9.770547081742718E-003  9.686595589159202E-003
  9.697879111608597E-003  1.056147186068547E-003  1.104432590177165E-003
  3.042824311584430E-002  0.602371824579588     
 Design variables:  1.117866664477242E-003  1.042638645064317E-003
  9.626534764031183E-003  9.552085174908234E-003  9.480744664167227E-003
  9.414351276579818E-003  9.342624681746141E-003  9.774849462621558E-003
  9.926721267971226E-003  9.770547081742718E-003  9.686595589159202E-003
  9.697879111608597E-003  1.056147186068547E-003  1.104432590177165E-003
  3.042824311584430E-002  0.602371824579588     
 Constraint value, mean lift and its standard deviation: -9.605642448352603E-004
  0.677509604506751       1.913726006547892E-002
 Calc obj  1.117866664477242E-003  1.042638645064317E-003
  9.626534764031183E-003  9.552085174908234E-003  9.480744664167227E-003
  9.414351276579818E-003  9.342624681746141E-003  9.774849462621558E-003
  9.926721267971226E-003  9.770547081742718E-003  9.686595589159202E-003
  9.697879111608597E-003  1.056147186068547E-003  1.104432590177165E-003
  3.042824311584430E-002  0.602371824579588     
 Design variables:  1.117866664477242E-003  1.042638645064317E-003
  9.626534764031183E-003  9.552085174908234E-003  9.480744664167227E-003
  9.414351276579818E-003  9.342624681746141E-003  9.774849462621558E-003
  9.926721267971226E-003  9.770547081742718E-003  9.686595589159202E-003
  9.697879111608597E-003  1.056147186068547E-003  1.104432590177165E-003
  3.042824311584430E-002  0.602371824579588     
 Mean drag value and variance:  4.695442174482038E-003  3.612676677076045E-008
   14  0.4695478E-02  0.6178579E-02  0.1252423E-03  0.7866541E-01  0.1796594E-04
 Calc con  1.107273622620769E-003  1.034483405180018E-003
  9.619441234783930E-003  9.549785514340632E-003  9.484563463477289E-003
  9.425003121003053E-003  9.361387383453899E-003  9.708319457596599E-003
  9.830141378227457E-003  9.734169266829360E-003  9.685307148302907E-003
  9.701121074664336E-003  1.049786131545294E-003  1.097248921349738E-003
  3.077970181720883E-002  0.600042962839503     
 Design variables:  1.107273622620769E-003  1.034483405180018E-003
  9.619441234783930E-003  9.549785514340632E-003  9.484563463477289E-003
  9.425003121003053E-003  9.361387383453899E-003  9.708319457596599E-003
  9.830141378227457E-003  9.734169266829360E-003  9.685307148302907E-003
  9.701121074664336E-003  1.049786131545294E-003  1.097248921349738E-003
  3.077970181720883E-002  0.600042962839503     
 Constraint value, mean lift and its standard deviation: -1.193661395235843E-003
  0.677037158077491       1.896087417056374E-002
 Calc obj  1.107273622620769E-003  1.034483405180018E-003
  9.619441234783930E-003  9.549785514340632E-003  9.484563463477289E-003
  9.425003121003053E-003  9.361387383453899E-003  9.708319457596599E-003
  9.830141378227457E-003  9.734169266829360E-003  9.685307148302907E-003
  9.701121074664336E-003  1.049786131545294E-003  1.097248921349738E-003
  3.077970181720883E-002  0.600042962839503     
 Design variables:  1.107273622620769E-003  1.034483405180018E-003
  9.619441234783930E-003  9.549785514340632E-003  9.484563463477289E-003
  9.425003121003053E-003  9.361387383453899E-003  9.708319457596599E-003
  9.830141378227457E-003  9.734169266829360E-003  9.685307148302907E-003
  9.701121074664336E-003  1.049786131545294E-003  1.097248921349738E-003
  3.077970181720883E-002  0.600042962839503     
 Mean drag value and variance:  4.675503279987152E-003  3.563902343900100E-008
 Calc con  1.107179133907393E-003  1.034340068338262E-003
  9.619170305472503E-003  9.549473318167093E-003  9.484223273297088E-003
  9.424651170897275E-003  9.361041160248641E-003  9.708140294667265E-003
  9.830079056284512E-003  9.734004147769050E-003  9.685099645760297E-003
  9.700918497084507E-003  1.049653927214738E-003  1.097144672394449E-003
  3.075759417577202E-002  0.600033451162733     
 Design variables:  1.107179133907393E-003  1.034340068338262E-003
  9.619170305472503E-003  9.549473318167093E-003  9.484223273297088E-003
  9.424651170897275E-003  9.361041160248641E-003  9.708140294667265E-003
  9.830079056284512E-003  9.734004147769050E-003  9.685099645760297E-003
  9.700918497084507E-003  1.049653927214738E-003  1.097144672394449E-003
  3.075759417577202E-002  0.600033451162733     
 Constraint value, mean lift and its standard deviation: -7.851901153014540E-004
  0.676844514129254       1.901483100348813E-002
 Calc obj  1.107179133907393E-003  1.034340068338262E-003
  9.619170305472503E-003  9.549473318167093E-003  9.484223273297088E-003
  9.424651170897275E-003  9.361041160248641E-003  9.708140294667265E-003
  9.830079056284512E-003  9.734004147769050E-003  9.685099645760297E-003
  9.700918497084507E-003  1.049653927214738E-003  1.097144672394449E-003
  3.075759417577202E-002  0.600033451162733     
 Design variables:  1.107179133907393E-003  1.034340068338262E-003
  9.619170305472503E-003  9.549473318167093E-003  9.484223273297088E-003
  9.424651170897275E-003  9.361041160248641E-003  9.708140294667265E-003
  9.830079056284512E-003  9.734004147769050E-003  9.685099645760297E-003
  9.700918497084507E-003  1.049653927214738E-003  1.097144672394449E-003
  3.075759417577202E-002  0.600033451162733     
 Mean drag value and variance:  4.675613190172290E-003  3.502379290791979E-008
 Calc con  1.107271504451639E-003  1.034480191974308E-003
  9.619435161316706E-003  9.549778515787328E-003  9.484555837377704E-003
  9.424995231279269E-003  9.361379622110992E-003  9.708315441271554E-003
  9.830139981146143E-003  9.734165565328051E-003  9.685302496684058E-003
  9.701116533449194E-003  1.049783167898930E-003  1.097246584383649E-003
  3.077920622655082E-002  0.600042749614670     
 Design variables:  1.107271504451639E-003  1.034480191974308E-003
  9.619435161316706E-003  9.549778515787328E-003  9.484555837377704E-003
  9.424995231279269E-003  9.361379622110992E-003  9.708315441271554E-003
  9.830139981146143E-003  9.734165565328051E-003  9.685302496684058E-003
  9.701116533449194E-003  1.049783167898930E-003  1.097246584383649E-003
  3.077920622655082E-002  0.600042749614670     
 Constraint value, mean lift and its standard deviation: -1.314820207353018E-003
  0.676959981418407       1.891129030276338E-002
 Calc obj  1.107271504451639E-003  1.034480191974308E-003
  9.619435161316706E-003  9.549778515787328E-003  9.484555837377704E-003
  9.424995231279269E-003  9.361379622110992E-003  9.708315441271554E-003
  9.830139981146143E-003  9.734165565328051E-003  9.685302496684058E-003
  9.701116533449194E-003  1.049783167898930E-003  1.097246584383649E-003
  3.077920622655082E-002  0.600042749614670     
 Design variables:  1.107271504451639E-003  1.034480191974308E-003
  9.619435161316706E-003  9.549778515787328E-003  9.484555837377704E-003
  9.424995231279269E-003  9.361379622110992E-003  9.708315441271554E-003
  9.830139981146143E-003  9.734165565328051E-003  9.685302496684058E-003
  9.701116533449194E-003  1.049783167898930E-003  1.097246584383649E-003
  3.077920622655082E-002  0.600042749614670     
 Mean drag value and variance:  4.677106498137613E-003  3.357189066462046E-008
 Calc con  1.112570143549006E-003  1.038561025122167E-003
  9.622987999407556E-003  9.550935344624433E-003  9.482654063822258E-003
  9.419677198791434E-003  9.352006032600019E-003  9.741584460109079E-003
  9.878431323099341E-003  9.752358174286040E-003  9.685951368731054E-003
  9.699500093136465E-003  1.052966658806920E-003  1.100840755763452E-003
  3.060397246652656E-002  0.601207393709546     
 Design variables:  1.112570143549006E-003  1.038561025122167E-003
  9.622987999407556E-003  9.550935344624433E-003  9.482654063822258E-003
  9.419677198791434E-003  9.352006032600019E-003  9.741584460109079E-003
  9.878431323099341E-003  9.752358174286040E-003  9.685951368731054E-003
  9.699500093136465E-003  1.052966658806920E-003  1.100840755763452E-003
  3.060397246652656E-002  0.601207393709546     
 Constraint value, mean lift and its standard deviation: -1.161076285832882E-003
  0.677284623533127       1.903088681182351E-002
 Calc obj  1.112570143549006E-003  1.038561025122167E-003
  9.622987999407556E-003  9.550935344624433E-003  9.482654063822258E-003
  9.419677198791434E-003  9.352006032600019E-003  9.741584460109079E-003
  9.878431323099341E-003  9.752358174286040E-003  9.685951368731054E-003
  9.699500093136465E-003  1.052966658806920E-003  1.100840755763452E-003
  3.060397246652656E-002  0.601207393709546     
 Design variables:  1.112570143549006E-003  1.038561025122167E-003
  9.622987999407556E-003  9.550935344624433E-003  9.482654063822258E-003
  9.419677198791434E-003  9.352006032600019E-003  9.741584460109079E-003
  9.878431323099341E-003  9.752358174286040E-003  9.685951368731054E-003
  9.699500093136465E-003  1.052966658806920E-003  1.100840755763452E-003
  3.060397246652656E-002  0.601207393709546     
 Mean drag value and variance:  4.687450618870966E-003  3.543618424415522E-008
   15  0.4687486E-02  0.2328862E-02  0.1247946E-03  0.4374549E-01  0.8141480E-05
 Calc con  1.190773575938364E-003  1.157247089403929E-003
  9.858457648885871E-003  9.834433938349780E-003  9.814732041478178E-003
  9.800209540568237E-003  9.788571091061724E-003  9.865781926423589E-003
  9.906327130173998E-003  9.890558369202052E-003  9.887231654005433E-003
  9.895497297261564E-003  1.166453487937285E-003  1.187294164267719E-003
  2.919266971810788E-002  0.600015065817205     
 Design variables:  1.190773575938364E-003  1.157247089403929E-003
  9.858457648885871E-003  9.834433938349780E-003  9.814732041478178E-003
  9.800209540568237E-003  9.788571091061724E-003  9.865781926423589E-003
  9.906327130173998E-003  9.890558369202052E-003  9.887231654005433E-003
  9.895497297261564E-003  1.166453487937285E-003  1.187294164267719E-003
  2.919266971810788E-002  0.600015065817205     
 Constraint value, mean lift and its standard deviation:  9.656831991190357E-004
  0.675055037974492       1.900518029340286E-002
 Calc obj  1.190773575938364E-003  1.157247089403929E-003
  9.858457648885871E-003  9.834433938349780E-003  9.814732041478178E-003
  9.800209540568237E-003  9.788571091061724E-003  9.865781926423589E-003
  9.906327130173998E-003  9.890558369202052E-003  9.887231654005433E-003
  9.895497297261564E-003  1.166453487937285E-003  1.187294164267719E-003
  2.919266971810788E-002  0.600015065817205     
 Design variables:  1.190773575938364E-003  1.157247089403929E-003
  9.858457648885871E-003  9.834433938349780E-003  9.814732041478178E-003
  9.800209540568237E-003  9.788571091061724E-003  9.865781926423589E-003
  9.906327130173998E-003  9.890558369202052E-003  9.887231654005433E-003
  9.895497297261564E-003  1.166453487937285E-003  1.187294164267719E-003
  2.919266971810788E-002  0.600015065817205     
 Mean drag value and variance:  4.656410917141842E-003  3.417135056163205E-008
   16  0.4656445E-02  0.1411303E-02  0.1225808E-02  0.2458893E-02  0.1384235E-05
 Calc con  1.248651267212277E-003  1.247484979749516E-003
  9.996498598644939E-003  9.994504744481263E-003  9.992023708015678E-003
  9.989450764047655E-003  9.986717786016600E-003  9.998275145867383E-003
  9.999646439654260E-003  9.997493595168968E-003  9.996525813399534E-003
  9.997148512702477E-003  1.247918568070311E-003  1.248723652454681E-003
  2.840455257898584E-002  0.600011252512534     
 Design variables:  1.248651267212277E-003  1.247484979749516E-003
  9.996498598644939E-003  9.994504744481263E-003  9.992023708015678E-003
  9.989450764047655E-003  9.986717786016600E-003  9.998275145867383E-003
  9.999646439654260E-003  9.997493595168968E-003  9.996525813399534E-003
  9.997148512702477E-003  1.247918568070311E-003  1.248723652454681E-003
  2.840455257898584E-002  0.600011252512534     
 Constraint value, mean lift and its standard deviation:  3.452239025432402E-005
  0.675556986598428       1.889787724717056E-002
 Calc obj  1.248651267212277E-003  1.247484979749516E-003
  9.996498598644939E-003  9.994504744481263E-003  9.992023708015678E-003
  9.989450764047655E-003  9.986717786016600E-003  9.998275145867383E-003
  9.999646439654260E-003  9.997493595168968E-003  9.996525813399534E-003
  9.997148512702477E-003  1.247918568070311E-003  1.248723652454681E-003
  2.840455257898584E-002  0.600011252512534     
 Design variables:  1.248651267212277E-003  1.247484979749516E-003
  9.996498598644939E-003  9.994504744481263E-003  9.992023708015678E-003
  9.989450764047655E-003  9.986717786016600E-003  9.998275145867383E-003
  9.999646439654260E-003  9.997493595168968E-003  9.996525813399534E-003
  9.997148512702477E-003  1.247918568070311E-003  1.248723652454681E-003
  2.840455257898584E-002  0.600011252512534     
 Mean drag value and variance:  4.661629863957966E-003  3.392461239352021E-008
   17  0.4661664E-02  0.7881171E-03  0.4046299E-04  0.5350988E-03  0.7905087E-07
 Calc con  1.249964961950069E-003  1.249951780584260E-003
  9.999920083085555E-003  9.999931710205237E-003  9.999953923286750E-003
  9.999974756558266E-003  9.999983548402839E-003  9.999878835021974E-003
  9.999878590533137E-003  9.999923714596825E-003  9.999947373573835E-003
  9.999946110483991E-003  1.249955267874588E-003  1.249963857636577E-003
  2.838247857842138E-002  0.600000370657711     
 Design variables:  1.249964961950069E-003  1.249951780584260E-003
  9.999920083085555E-003  9.999931710205237E-003  9.999953923286750E-003
  9.999974756558266E-003  9.999983548402839E-003  9.999878835021974E-003
  9.999878590533137E-003  9.999923714596825E-003  9.999947373573835E-003
  9.999946110483991E-003  1.249955267874588E-003  1.249963857636577E-003
  2.838247857842138E-002  0.600000370657711     
 Constraint value, mean lift and its standard deviation: -6.045907308251108E-005
  0.675594424693973       1.888349140522255E-002
 Calc obj  1.249964961950069E-003  1.249951780584260E-003
  9.999920083085555E-003  9.999931710205237E-003  9.999953923286750E-003
  9.999974756558266E-003  9.999983548402839E-003  9.999878835021974E-003
  9.999878590533137E-003  9.999923714596825E-003  9.999947373573835E-003
  9.999946110483991E-003  1.249955267874588E-003  1.249963857636577E-003
  2.838247857842138E-002  0.600000370657711     
 Design variables:  1.249964961950069E-003  1.249951780584260E-003
  9.999920083085555E-003  9.999931710205237E-003  9.999953923286750E-003
  9.999974756558266E-003  9.999983548402839E-003  9.999878835021974E-003
  9.999878590533137E-003  9.999923714596825E-003  9.999947373573835E-003
  9.999946110483991E-003  1.249955267874588E-003  1.249963857636577E-003
  2.838247857842138E-002  0.600000370657711     
 Mean drag value and variance:  4.664453695598721E-003  3.741502159868121E-008
 Calc con  1.249964588235753E-003  1.249951100329807E-003
  9.999919144875753E-003  9.999930231168092E-003  9.999951784390164E-003
  9.999971987654187E-003  9.999980220090330E-003  9.999878440877760E-003
  9.999878517354704E-003  9.999923071613719E-003  9.999946406068659E-003
  9.999945336422299E-003  1.249954739528902E-003  1.249963513916399E-003
  2.837537565791264E-002  0.600000368443706     
 Design variables:  1.249964588235753E-003  1.249951100329807E-003
  9.999919144875753E-003  9.999930231168092E-003  9.999951784390164E-003
  9.999971987654187E-003  9.999980220090330E-003  9.999878440877760E-003
  9.999878517354704E-003  9.999923071613719E-003  9.999946406068659E-003
  9.999945336422299E-003  1.249954739528902E-003  1.249963513916399E-003
  2.837537565791264E-002  0.600000368443706     
 Constraint value, mean lift and its standard deviation:  2.947886857197074E-004
  0.675531871921533       1.895666515181309E-002
 Calc obj  1.249964588235753E-003  1.249951100329807E-003
  9.999919144875753E-003  9.999930231168092E-003  9.999951784390164E-003
  9.999971987654187E-003  9.999980220090330E-003  9.999878440877760E-003
  9.999878517354704E-003  9.999923071613719E-003  9.999946406068659E-003
  9.999945336422299E-003  1.249954739528902E-003  1.249963513916399E-003
  2.837537565791264E-002  0.600000368443706     
 Design variables:  1.249964588235753E-003  1.249951100329807E-003
  9.999919144875753E-003  9.999930231168092E-003  9.999951784390164E-003
  9.999971987654187E-003  9.999980220090330E-003  9.999878440877760E-003
  9.999878517354704E-003  9.999923071613719E-003  9.999946406068659E-003
  9.999945336422299E-003  1.249954739528902E-003  1.249963513916399E-003
  2.837537565791264E-002  0.600000368443706     
 Mean drag value and variance:  4.661429338833561E-003  3.448570059259913E-008
   18  0.4661464E-02  0.2207400E-04  0.2950162E-03  0.2576503E-02  0.2327201E-08
 
 The solution was found.
 
 The final value of the objective function is   4.661463824534154E-003
 
 The optimal values of X are:
 
 X  (           1 ) =   1.249964588235753E-003
 X  (           2 ) =   1.249951100329807E-003
 X  (           3 ) =   9.999919144875753E-003
 X  (           4 ) =   9.999930231168092E-003
 X  (           5 ) =   9.999951784390164E-003
 X  (           6 ) =   9.999971987654187E-003
 X  (           7 ) =   9.999980220090330E-003
 X  (           8 ) =   9.999878440877760E-003
 X  (           9 ) =   9.999878517354704E-003
 X  (          10 ) =   9.999923071613719E-003
 X  (          11 ) =   9.999946406068659E-003
 X  (          12 ) =   9.999945336422299E-003
 X  (          13 ) =   1.249954739528902E-003
 X  (          14 ) =   1.249963513916399E-003
 X  (          15 ) =    1.62578926729665     
 X  (          16 ) =   0.600000368443706     
 
 The multipliers for the equality constraints are:
 
 LAM(           1 ) =   8.376098967659895E-003
 
 Mean drag and its variance:  4.661429338833561E-003  3.448570059259913E-008
