           1  0.903269016756258        8.83775354609493     
           2  0.602052657447560        6.19193470739074     
           3  0.399694860583434        4.35958783701811     
           4  0.205346444050076        3.86877859692437     
           5  0.301538478396521        3.45692109621714     
           6  0.504570952907477        3.08600282550494     
           7  0.803383624472688        2.69770854650409     
           8  1.389907243405372E-311   3.17691711186836     
           9 NaN                       3.51646907022536     
          10 NaN                       3.81364674731208     
          11  2.121995791459338E-314   4.14327705592901     
          12  2.121995791459338E-314   4.56030597732589     
          13  1.085542231836724E-312   6.19463399246681     
          14  1.751475362587753E-316   8.51956205459387     
          15   8.27202945033094     
          16  0.319707140114234     
