 >> Number of Processors =   1
 Calc con  0.000000000000000E+000  0.000000000000000E+000
  0.000000000000000E+000  0.000000000000000E+000  0.000000000000000E+000
  0.000000000000000E+000  0.000000000000000E+000  0.000000000000000E+000
  0.000000000000000E+000  0.000000000000000E+000  0.000000000000000E+000
  0.000000000000000E+000  0.000000000000000E+000  0.000000000000000E+000
  3.490658503988659E-002  0.650000000000000     
 Design variables:  0.000000000000000E+000  0.000000000000000E+000
  0.000000000000000E+000  0.000000000000000E+000  0.000000000000000E+000
  0.000000000000000E+000  0.000000000000000E+000  0.000000000000000E+000
  0.000000000000000E+000  0.000000000000000E+000  0.000000000000000E+000
  0.000000000000000E+000  0.000000000000000E+000  0.000000000000000E+000
  3.490658503988659E-002  0.650000000000000     
 Constraint value, mean lift and its standard deviation:  0.265230796840630     
  0.334769203159370       0.000000000000000E+000
 Calc obj  0.000000000000000E+000  0.000000000000000E+000
  0.000000000000000E+000  0.000000000000000E+000  0.000000000000000E+000
  0.000000000000000E+000  0.000000000000000E+000  0.000000000000000E+000
  0.000000000000000E+000  0.000000000000000E+000  0.000000000000000E+000
  0.000000000000000E+000  0.000000000000000E+000  0.000000000000000E+000
  3.490658503988659E-002  0.650000000000000     
 Design variables:  0.000000000000000E+000  0.000000000000000E+000
  0.000000000000000E+000  0.000000000000000E+000  0.000000000000000E+000
  0.000000000000000E+000  0.000000000000000E+000  0.000000000000000E+000
  0.000000000000000E+000  0.000000000000000E+000  0.000000000000000E+000
  0.000000000000000E+000  0.000000000000000E+000  0.000000000000000E+000
  3.490658503988659E-002  0.650000000000000     
 Mean drag value and variance:  4.721331901280361E-004  0.000000000000000E+000
 
 iter    objective      ||grad||        inf_pr          inf_du         lg(mu)
    0  0.4721332E-03  0.0000000E+00  0.2752308E+00  0.9961509E+00  0.1000000E+01
 Calc con  6.540230675331932E-004  4.648308214991668E-004
  2.626241743809727E-003  2.334212614346928E-003  2.083254546426370E-003
  1.849233020486653E-003  1.599209247115316E-003  2.056480186545951E-003
  2.239462396518824E-003  2.394025281086501E-003  2.571370285975746E-003
  2.809937757451498E-003  4.783633108624718E-004  6.589836585579964E-004
  5.261918331616255E-002  0.663256433568012     
 Design variables:  6.540230675331932E-004  4.648308214991668E-004
  2.626241743809727E-003  2.334212614346928E-003  2.083254546426370E-003
  1.849233020486653E-003  1.599209247115316E-003  2.056480186545951E-003
  2.239462396518824E-003  2.394025281086501E-003  2.571370285975746E-003
  2.809937757451498E-003  4.783633108624718E-004  6.589836585579964E-004
  5.261918331616255E-002  0.663256433568012     
 Constraint value, mean lift and its standard deviation: -4.543733921656201E-002
  0.645437339216562       0.000000000000000E+000
 Calc obj  6.540230675331932E-004  4.648308214991668E-004
  2.626241743809727E-003  2.334212614346928E-003  2.083254546426370E-003
  1.849233020486653E-003  1.599209247115316E-003  2.056480186545951E-003
  2.239462396518824E-003  2.394025281086501E-003  2.571370285975746E-003
  2.809937757451498E-003  4.783633108624718E-004  6.589836585579964E-004
  5.261918331616255E-002  0.663256433568012     
 Design variables:  6.540230675331932E-004  4.648308214991668E-004
  2.626241743809727E-003  2.334212614346928E-003  2.083254546426370E-003
  1.849233020486653E-003  1.599209247115316E-003  2.056480186545951E-003
  2.239462396518824E-003  2.394025281086501E-003  2.571370285975746E-003
  2.809937757451498E-003  4.783633108624718E-004  6.589836585579964E-004
  5.261918331616255E-002  0.663256433568012     
 Mean drag value and variance:  2.875098164917610E-003  0.000000000000000E+000
    1  0.2875098E-02  0.2461699E-01  0.1082036E-01  0.4478345E+00  0.2569640E-01
 Calc con  6.116311065637326E-004  4.351304415290402E-004
  2.611560368105891E-003  2.331818874747490E-003  2.092018657255488E-003
  1.867777256151508E-003  1.625873377557506E-003  1.570308790428265E-003
  2.116974180589126E-003  2.620955037107344E-003  2.903806820624295E-003
  3.007608187379773E-003  4.479561495789328E-004  6.163057922413241E-004
  5.245050430057054E-002  0.658687201487711     
 Design variables:  6.116311065637326E-004  4.351304415290402E-004
  2.611560368105891E-003  2.331818874747490E-003  2.092018657255488E-003
  1.867777256151508E-003  1.625873377557506E-003  1.570308790428265E-003
  2.116974180589126E-003  2.620955037107344E-003  2.903806820624295E-003
  3.007608187379773E-003  4.479561495789328E-004  6.163057922413241E-004
  5.245050430057054E-002  0.658687201487711     
 Constraint value, mean lift and its standard deviation: -4.002168386609162E-002
  0.640021683866092       0.000000000000000E+000
 Calc obj  6.116311065637326E-004  4.351304415290402E-004
  2.611560368105891E-003  2.331818874747490E-003  2.092018657255488E-003
  1.867777256151508E-003  1.625873377557506E-003  1.570308790428265E-003
  2.116974180589126E-003  2.620955037107344E-003  2.903806820624295E-003
  3.007608187379773E-003  4.479561495789328E-004  6.163057922413241E-004
  5.245050430057054E-002  0.658687201487711     
 Design variables:  6.116311065637326E-004  4.351304415290402E-004
  2.611560368105891E-003  2.331818874747490E-003  2.092018657255488E-003
  1.867777256151508E-003  1.625873377557506E-003  1.570308790428265E-003
  2.116974180589126E-003  2.620955037107344E-003  2.903806820624295E-003
  3.007608187379773E-003  4.479561495789328E-004  6.163057922413241E-004
  5.245050430057054E-002  0.658687201487711     
 Mean drag value and variance:  2.153841646682749E-003  0.000000000000000E+000
    2  0.2153842E-02  0.7043367E-02  0.1638660E-02  0.6673099E-01  0.1836470E-02
 Calc con  5.648635032778521E-004  4.018901252229946E-004
  2.602049360803438E-003  2.344055212038121E-003  2.126970818975958E-003
  1.924425579703613E-003  1.701340855237151E-003  8.417209820293563E-004
  2.933112697847266E-003  3.743139449994976E-003  3.507650561892249E-003
  3.041900295755668E-003  4.145136647411525E-004  5.702104803654315E-004
  5.192497876371602E-002  0.651405092001699     
 Design variables:  5.648635032778521E-004  4.018901252229946E-004
  2.602049360803438E-003  2.344055212038121E-003  2.126970818975958E-003
  1.924425579703613E-003  1.701340855237151E-003  8.417209820293563E-004
  2.933112697847266E-003  3.743139449994976E-003  3.507650561892249E-003
  3.041900295755668E-003  4.145136647411525E-004  5.702104803654315E-004
  5.192497876371602E-002  0.651405092001699     
 Constraint value, mean lift and its standard deviation: -3.641872880487140E-002
  0.636418728804871       0.000000000000000E+000
 Calc obj  5.648635032778521E-004  4.018901252229946E-004
  2.602049360803438E-003  2.344055212038121E-003  2.126970818975958E-003
  1.924425579703613E-003  1.701340855237151E-003  8.417209820293563E-004
  2.933112697847266E-003  3.743139449994976E-003  3.507650561892249E-003
  3.041900295755668E-003  4.145136647411525E-004  5.702104803654315E-004
  5.192497876371602E-002  0.651405092001699     
 Design variables:  5.648635032778521E-004  4.018901252229946E-004
  2.602049360803438E-003  2.344055212038121E-003  2.126970818975958E-003
  1.924425579703613E-003  1.701340855237151E-003  8.417209820293563E-004
  2.933112697847266E-003  3.743139449994976E-003  3.507650561892249E-003
  3.041900295755668E-003  4.145136647411525E-004  5.702104803654315E-004
  5.192497876371602E-002  0.651405092001699     
 Mean drag value and variance:  1.555986621358918E-003  0.000000000000000E+000
    3  0.1555987E-02  0.7282109E-02  0.1376783E-02  0.5058655E-01  0.1602109E-03
 Calc con  5.225749845514876E-004  3.718464670530039E-004
  2.513828345898095E-003  2.278979986046679E-003  2.087041776611512E-003
  1.908508051510632E-003  1.706369144293363E-003  2.110131083322654E-004
  2.847122993028901E-003  3.824778413062627E-003  3.385782043629912E-003
  2.605204500106434E-003  3.824368632520430E-004  5.274405661591195E-004
  5.142203503451813E-002  0.648221301876779     
 Design variables:  5.225749845514876E-004  3.718464670530039E-004
  2.513828345898095E-003  2.278979986046679E-003  2.087041776611512E-003
  1.908508051510632E-003  1.706369144293363E-003  2.110131083322654E-004
  2.847122993028901E-003  3.824778413062627E-003  3.385782043629912E-003
  2.605204500106434E-003  3.824368632520430E-004  5.274405661591195E-004
  5.142203503451813E-002  0.648221301876779     
 Constraint value, mean lift and its standard deviation: -1.909974124385150E-002
  0.619099741243851       0.000000000000000E+000
 Calc obj  5.225749845514876E-004  3.718464670530039E-004
  2.513828345898095E-003  2.278979986046679E-003  2.087041776611512E-003
  1.908508051510632E-003  1.706369144293363E-003  2.110131083322654E-004
  2.847122993028901E-003  3.824778413062627E-003  3.385782043629912E-003
  2.605204500106434E-003  3.824368632520430E-004  5.274405661591195E-004
  5.142203503451813E-002  0.648221301876779     
 Design variables:  5.225749845514876E-004  3.718464670530039E-004
  2.513828345898095E-003  2.278979986046679E-003  2.087041776611512E-003
  1.908508051510632E-003  1.706369144293363E-003  2.110131083322654E-004
  2.847122993028901E-003  3.824778413062627E-003  3.385782043629912E-003
  2.605204500106434E-003  3.824368632520430E-004  5.274405661591195E-004
  5.142203503451813E-002  0.648221301876779     
 Mean drag value and variance:  1.386771871579518E-003  0.000000000000000E+000
    4  0.1386772E-02  0.1870331E-01  0.7540985E-05  0.2999768E-01  0.1259144E-04
 Calc con  4.980824435348009E-004  3.610766908763799E-004
  2.428288390583778E-003  2.241666028758904E-003  2.105390757217520E-003
  1.980651279767163E-003  1.823444514244322E-003 -1.802873659497242E-004
  3.105376980880113E-003  3.964348724485095E-003  2.959587756371475E-003
  1.910336707572085E-003  3.751991660313036E-004  5.017781224086997E-004
  5.046915927339606E-002  0.646024182482603     
 Design variables:  4.980824435348009E-004  3.610766908763799E-004
  2.428288390583778E-003  2.241666028758904E-003  2.105390757217520E-003
  1.980651279767163E-003  1.823444514244322E-003 -1.802873659497242E-004
  3.105376980880113E-003  3.964348724485095E-003  2.959587756371475E-003
  1.910336707572085E-003  3.751991660313036E-004  5.017781224086997E-004
  5.046915927339606E-002  0.646024182482603     
 Constraint value, mean lift and its standard deviation: -2.316853820534259E-004
  0.600231685382053       0.000000000000000E+000
 Calc obj  4.980824435348009E-004  3.610766908763799E-004
  2.428288390583778E-003  2.241666028758904E-003  2.105390757217520E-003
  1.980651279767163E-003  1.823444514244322E-003 -1.802873659497242E-004
  3.105376980880113E-003  3.964348724485095E-003  2.959587756371475E-003
  1.910336707572085E-003  3.751991660313036E-004  5.017781224086997E-004
  5.046915927339606E-002  0.646024182482603     
 Design variables:  4.980824435348009E-004  3.610766908763799E-004
  2.428288390583778E-003  2.241666028758904E-003  2.105390757217520E-003
  1.980651279767163E-003  1.823444514244322E-003 -1.802873659497242E-004
  3.105376980880113E-003  3.964348724485095E-003  2.959587756371475E-003
  1.910336707572085E-003  3.751991660313036E-004  5.017781224086997E-004
  5.046915927339606E-002  0.646024182482603     
 Mean drag value and variance:  1.283052555143825E-003  0.000000000000000E+000
    5  0.1283053E-02  0.1968421E-01  0.4077328E-04  0.1456422E-01  0.6248546E-06
 Calc con  6.707336157378770E-004  5.184187507651709E-004
  2.623549755324210E-003  2.519588578036743E-003  2.496373521794106E-003
  2.485984834240423E-003  2.419719833899925E-003 -9.856859562255003E-004
  3.177364261620776E-003  4.126814236262555E-003  2.686114408527287E-003
  1.494332815917406E-003  5.907263143435360E-004  6.647610168230780E-004
  5.002749431578226E-002  0.644043391048602     
 Design variables:  6.707336157378770E-004  5.184187507651709E-004
  2.623549755324210E-003  2.519588578036743E-003  2.496373521794106E-003
  2.485984834240423E-003  2.419719833899925E-003 -9.856859562255003E-004
  3.177364261620776E-003  4.126814236262555E-003  2.686114408527287E-003
  1.494332815917406E-003  5.907263143435360E-004  6.647610168230780E-004
  5.002749431578226E-002  0.644043391048602     
 Constraint value, mean lift and its standard deviation: -5.998123648920384E-005
  0.600059981236489       0.000000000000000E+000
 Calc obj  6.707336157378770E-004  5.184187507651709E-004
  2.623549755324210E-003  2.519588578036743E-003  2.496373521794106E-003
  2.485984834240423E-003  2.419719833899925E-003 -9.856859562255003E-004
  3.177364261620776E-003  4.126814236262555E-003  2.686114408527287E-003
  1.494332815917406E-003  5.907263143435360E-004  6.647610168230780E-004
  5.002749431578226E-002  0.644043391048602     
 Design variables:  6.707336157378770E-004  5.184187507651709E-004
  2.623549755324210E-003  2.519588578036743E-003  2.496373521794106E-003
  2.485984834240423E-003  2.419719833899925E-003 -9.856859562255003E-004
  3.177364261620776E-003  4.126814236262555E-003  2.686114408527287E-003
  1.494332815917406E-003  5.907263143435360E-004  6.647610168230780E-004
  5.002749431578226E-002  0.644043391048602     
 Mean drag value and variance:  1.266026828369161E-003  0.000000000000000E+000
    6  0.1266027E-02  0.1980791E-02  0.3292056E-04  0.6497584E-02  0.9963039E-07
 Calc con  1.179719857158296E-003  1.013400114463869E-003
  3.174537222320187E-003  3.245975273772001E-003  3.482030680534591E-003
  3.741910858183103E-003  3.892053780616680E-003 -2.850814748815191E-003
  2.404090294386090E-003  3.426368931910753E-003  1.661118130808276E-003
  7.968123294020222E-004  1.172319475684541E-003  1.150572755294606E-003
  4.926965686809454E-002  0.641812773523533     
 Design variables:  1.179719857158296E-003  1.013400114463869E-003
  3.174537222320187E-003  3.245975273772001E-003  3.482030680534591E-003
  3.741910858183103E-003  3.892053780616680E-003 -2.850814748815191E-003
  2.404090294386090E-003  3.426368931910753E-003  1.661118130808276E-003
  7.968123294020222E-004  1.172319475684541E-003  1.150572755294606E-003
  4.926965686809454E-002  0.641812773523533     
 Constraint value, mean lift and its standard deviation: -4.416772294207894E-004
  0.600441677229421       0.000000000000000E+000
 Calc obj  1.179719857158296E-003  1.013400114463869E-003
  3.174537222320187E-003  3.245975273772001E-003  3.482030680534591E-003
  3.741910858183103E-003  3.892053780616680E-003 -2.850814748815191E-003
  2.404090294386090E-003  3.426368931910753E-003  1.661118130808276E-003
  7.968123294020222E-004  1.172319475684541E-003  1.150572755294606E-003
  4.926965686809454E-002  0.641812773523533     
 Design variables:  1.179719857158296E-003  1.013400114463869E-003
  3.174537222320187E-003  3.245975273772001E-003  3.482030680534591E-003
  3.741910858183103E-003  3.892053780616680E-003 -2.850814748815191E-003
  2.404090294386090E-003  3.426368931910753E-003  1.661118130808276E-003
  7.968123294020222E-004  1.172319475684541E-003  1.150572755294606E-003
  4.926965686809454E-002  0.641812773523533     
 Mean drag value and variance:  1.250935003846983E-003  0.000000000000000E+000
    7  0.1250935E-02  0.2230618E-02  0.4377594E-03  0.3374717E-02  0.1615804E-07
 Calc con -1.241810348227197E-003 -5.861626071651024E-004
  6.133769806635997E-003  6.692395444011574E-003  7.791761481062548E-003
  9.020848251734092E-003  9.976373527994095E-003 -5.953202342262291E-003
  4.251768001171718E-003  3.716042193669659E-003  6.739590135365799E-005
  7.939412308451829E-004 -1.051173737254850E-003 -1.223181093827811E-003
  5.072494569391539E-002  0.638475366916158     
 Design variables: -1.241810348227197E-003 -5.861626071651024E-004
  6.133769806635997E-003  6.692395444011574E-003  7.791761481062548E-003
  9.020848251734092E-003  9.976373527994095E-003 -5.953202342262291E-003
  4.251768001171718E-003  3.716042193669659E-003  6.739590135365799E-005
  7.939412308451829E-004 -1.051173737254850E-003 -1.223181093827811E-003
  5.072494569391539E-002  0.638475366916158     
 Constraint value, mean lift and its standard deviation:  2.262635016394787E-003
  0.597737364983605       0.000000000000000E+000
 Calc obj -1.241810348227197E-003 -5.861626071651024E-004
  6.133769806635997E-003  6.692395444011574E-003  7.791761481062548E-003
  9.020848251734092E-003  9.976373527994095E-003 -5.953202342262291E-003
  4.251768001171718E-003  3.716042193669659E-003  6.739590135365799E-005
  7.939412308451829E-004 -1.051173737254850E-003 -1.223181093827811E-003
  5.072494569391539E-002  0.638475366916158     
 Design variables: -1.241810348227197E-003 -5.861626071651024E-004
  6.133769806635997E-003  6.692395444011574E-003  7.791761481062548E-003
  9.020848251734092E-003  9.976373527994095E-003 -5.953202342262291E-003
  4.251768001171718E-003  3.716042193669659E-003  6.739590135365799E-005
  7.939412308451829E-004 -1.051173737254850E-003 -1.223181093827811E-003
  5.072494569391539E-002  0.638475366916158     
 Mean drag value and variance:  1.219358139854544E-003  0.000000000000000E+000
    8  0.1219358E-02  0.8396515E-02  0.2464643E-02  0.2139431E-02  0.1067601E-05
 Calc con  3.676397193733340E-004  1.472216020990079E-004
  8.597554504445989E-003  8.742889025345988E-003  9.805068538362605E-003
  9.983603354811360E-003  6.226702659265079E-003 -9.702299141323712E-003
  5.671173286061591E-003  1.990605478005380E-003 -3.608511652645204E-003
  8.173784609787266E-004  5.402925540328373E-005  3.083407570836512E-004
  4.894491494121505E-002  0.631467758256210     
 Design variables:  3.676397193733340E-004  1.472216020990079E-004
  8.597554504445989E-003  8.742889025345988E-003  9.805068538362605E-003
  9.983603354811360E-003  6.226702659265079E-003 -9.702299141323712E-003
  5.671173286061591E-003  1.990605478005380E-003 -3.608511652645204E-003
  8.173784609787266E-004  5.402925540328373E-005  3.083407570836512E-004
  4.894491494121505E-002  0.631467758256210     
 Constraint value, mean lift and its standard deviation: -1.060248570748379E-003
  0.601060248570748       0.000000000000000E+000
 Calc obj  3.676397193733340E-004  1.472216020990079E-004
  8.597554504445989E-003  8.742889025345988E-003  9.805068538362605E-003
  9.983603354811360E-003  6.226702659265079E-003 -9.702299141323712E-003
  5.671173286061591E-003  1.990605478005380E-003 -3.608511652645204E-003
  8.173784609787266E-004  5.402925540328373E-005  3.083407570836512E-004
  4.894491494121505E-002  0.631467758256210     
 Design variables:  3.676397193733340E-004  1.472216020990079E-004
  8.597554504445989E-003  8.742889025345988E-003  9.805068538362605E-003
  9.983603354811360E-003  6.226702659265079E-003 -9.702299141323712E-003
  5.671173286061591E-003  1.990605478005380E-003 -3.608511652645204E-003
  8.173784609787266E-004  5.402925540328373E-005  3.083407570836512E-004
  4.894491494121505E-002  0.631467758256210     
 Mean drag value and variance:  1.215035190144912E-003  0.000000000000000E+000
    9  0.1215035E-02  0.7007609E-02  0.8701329E-03  0.1176213E-02  0.7319807E-06
 Calc con  7.445811115698892E-004  7.576205594992090E-004
  9.694610144421825E-003  9.278138113962249E-003  9.071811527777430E-003
  9.443628439388828E-003  7.772576436385439E-003 -8.923277719480578E-003
  5.891421296437644E-003 -1.273019439109171E-003 -5.855248157794615E-003
  6.149690901114234E-003  4.650954229559001E-004  6.216117192801122E-004
  4.792524828394985E-002  0.612114042267228     
 Design variables:  7.445811115698892E-004  7.576205594992090E-004
  9.694610144421825E-003  9.278138113962249E-003  9.071811527777430E-003
  9.443628439388828E-003  7.772576436385439E-003 -8.923277719480578E-003
  5.891421296437644E-003 -1.273019439109171E-003 -5.855248157794615E-003
  6.149690901114234E-003  4.650954229559001E-004  6.216117192801122E-004
  4.792524828394985E-002  0.612114042267228     
 Constraint value, mean lift and its standard deviation: -1.307753395135669E-003
  0.601307753395136       0.000000000000000E+000
 Calc obj  7.445811115698892E-004  7.576205594992090E-004
  9.694610144421825E-003  9.278138113962249E-003  9.071811527777430E-003
  9.443628439388828E-003  7.772576436385439E-003 -8.923277719480578E-003
  5.891421296437644E-003 -1.273019439109171E-003 -5.855248157794615E-003
  6.149690901114234E-003  4.650954229559001E-004  6.216117192801122E-004
  4.792524828394985E-002  0.612114042267228     
 Design variables:  7.445811115698892E-004  7.576205594992090E-004
  9.694610144421825E-003  9.278138113962249E-003  9.071811527777430E-003
  9.443628439388828E-003  7.772576436385439E-003 -8.923277719480578E-003
  5.891421296437644E-003 -1.273019439109171E-003 -5.855248157794615E-003
  6.149690901114234E-003  4.650954229559001E-004  6.216117192801122E-004
  4.792524828394985E-002  0.612114042267228     
 Mean drag value and variance:  1.198099124079013E-003  0.000000000000000E+000
   10  0.1198099E-02  0.1935372E-01  0.1175430E-02  0.1395318E-02  0.5147256E-06
 Calc con -8.340956837978577E-004 -1.247208716245612E-003
  3.153495792029654E-003  2.749069248799284E-003  4.945656117625054E-003
  6.020312125018975E-003  6.033410562282221E-003 -4.482537946005812E-003
 -1.701787038517937E-004  5.744418345872592E-003  8.149418814897674E-003
 -6.733031750160581E-003 -1.059669562704843E-003 -1.083180999728082E-003
  6.119230527458169E-002  0.600809407976973     
 Design variables: -8.340956837978577E-004 -1.247208716245612E-003
  3.153495792029654E-003  2.749069248799284E-003  4.945656117625054E-003
  6.020312125018975E-003  6.033410562282221E-003 -4.482537946005812E-003
 -1.701787038517937E-004  5.744418345872592E-003  8.149418814897674E-003
 -6.733031750160581E-003 -1.059669562704843E-003 -1.083180999728082E-003
  6.119230527458169E-002  0.600809407976973     
 Constraint value, mean lift and its standard deviation: -1.627280722904634E-003
  0.601627280722905       0.000000000000000E+000
 Calc obj -8.340956837978577E-004 -1.247208716245612E-003
  3.153495792029654E-003  2.749069248799284E-003  4.945656117625054E-003
  6.020312125018975E-003  6.033410562282221E-003 -4.482537946005812E-003
 -1.701787038517937E-004  5.744418345872592E-003  8.149418814897674E-003
 -6.733031750160581E-003 -1.059669562704843E-003 -1.083180999728082E-003
  6.119230527458169E-002  0.600809407976973     
 Design variables: -8.340956837978577E-004 -1.247208716245612E-003
  3.153495792029654E-003  2.749069248799284E-003  4.945656117625054E-003
  6.020312125018975E-003  6.033410562282221E-003 -4.482537946005812E-003
 -1.701787038517937E-004  5.744418345872592E-003  8.149418814897674E-003
 -6.733031750160581E-003 -1.059669562704843E-003 -1.083180999728082E-003
  6.119230527458169E-002  0.600809407976973     
 Mean drag value and variance:  1.221998463115630E-003  0.000000000000000E+000
   11  0.1221998E-02  0.2549721E-01  0.5050988E-03  0.2535733E-02  0.7510379E-05
 Calc con -4.626825814966300E-004 -8.294094777297103E-004
  5.135583744611526E-003  4.881082136197463E-003  6.642298805108316E-003
  7.578596154309888E-003  7.732052052653289E-003 -7.710594566222814E-003
  1.379003119356973E-003  3.912152183028661E-003  5.028740339010061E-003
 -3.974951417740921E-003 -7.134934038731622E-004 -7.058088471787940E-004
  5.783808023086635E-002  0.602359342865106     
 Design variables: -4.626825814966300E-004 -8.294094777297103E-004
  5.135583744611526E-003  4.881082136197463E-003  6.642298805108316E-003
  7.578596154309888E-003  7.732052052653289E-003 -7.710594566222814E-003
  1.379003119356973E-003  3.912152183028661E-003  5.028740339010061E-003
 -3.974951417740921E-003 -7.134934038731622E-004 -7.058088471787940E-004
  5.783808023086635E-002  0.602359342865106     
 Constraint value, mean lift and its standard deviation: -4.360674346961524E-004
  0.600436067434696       0.000000000000000E+000
 Calc obj -4.626825814966300E-004 -8.294094777297103E-004
  5.135583744611526E-003  4.881082136197463E-003  6.642298805108316E-003
  7.578596154309888E-003  7.732052052653289E-003 -7.710594566222814E-003
  1.379003119356973E-003  3.912152183028661E-003  5.028740339010061E-003
 -3.974951417740921E-003 -7.134934038731622E-004 -7.058088471787940E-004
  5.783808023086635E-002  0.602359342865106     
 Design variables: -4.626825814966300E-004 -8.294094777297103E-004
  5.135583744611526E-003  4.881082136197463E-003  6.642298805108316E-003
  7.578596154309888E-003  7.732052052653289E-003 -7.710594566222814E-003
  1.379003119356973E-003  3.912152183028661E-003  5.028740339010061E-003
 -3.974951417740921E-003 -7.134934038731622E-004 -7.058088471787940E-004
  5.783808023086635E-002  0.602359342865106     
 Mean drag value and variance:  1.201596235535267E-003  0.000000000000000E+000
   12  0.1201596E-02  0.3354225E-02  0.1491137E-04  0.5578979E-03  0.1652787E-05
 Calc con  4.353670714044416E-004  3.113355348448256E-004
  8.234825859858543E-003  8.168421929481714E-003  8.697320579723328E-003
  9.157204552679928E-003  9.474054878517412E-003 -9.615092853178443E-003
  2.785549161624349E-003  4.631600465467966E-004 -8.735502312848097E-004
  3.124193992409570E-003  1.748390913162007E-004  2.367420683242090E-004
  5.095336768738729E-002  0.600882729822997     
 Design variables:  4.353670714044416E-004  3.113355348448256E-004
  8.234825859858543E-003  8.168421929481714E-003  8.697320579723328E-003
  9.157204552679928E-003  9.474054878517412E-003 -9.615092853178443E-003
  2.785549161624349E-003  4.631600465467966E-004 -8.735502312848097E-004
  3.124193992409570E-003  1.748390913162007E-004  2.367420683242090E-004
  5.095336768738729E-002  0.600882729822997     
 Constraint value, mean lift and its standard deviation: -4.943036596555261E-004
  0.600494303659656       0.000000000000000E+000
 Calc obj  4.353670714044416E-004  3.113355348448256E-004
  8.234825859858543E-003  8.168421929481714E-003  8.697320579723328E-003
  9.157204552679928E-003  9.474054878517412E-003 -9.615092853178443E-003
  2.785549161624349E-003  4.631600465467966E-004 -8.735502312848097E-004
  3.124193992409570E-003  1.748390913162007E-004  2.367420683242090E-004
  5.095336768738729E-002  0.600882729822997     
 Design variables:  4.353670714044416E-004  3.113355348448256E-004
  8.234825859858543E-003  8.168421929481714E-003  8.697320579723328E-003
  9.157204552679928E-003  9.474054878517412E-003 -9.615092853178443E-003
  2.785549161624349E-003  4.631600465467966E-004 -8.735502312848097E-004
  3.124193992409570E-003  1.748390913162007E-004  2.367420683242090E-004
  5.095336768738729E-002  0.600882729822997     
 Mean drag value and variance:  1.183771620216087E-003  0.000000000000000E+000
   13  0.1183772E-02  0.7099145E-02  0.3105502E-03  0.1177404E-02  0.6875313E-06
 Calc con  9.011981978850702E-004  8.645561171754409E-004
  9.098154025821573E-003  9.044978607261825E-003  9.388757451654853E-003
  9.615135065934971E-003  9.731073854650140E-003 -9.979518590418311E-003
  1.204115820763790E-003  1.139250335411191E-003 -2.193624366318618E-003
  4.410632832535164E-003  7.038244338806959E-004  8.377233420938758E-004
  4.829135996564056E-002  0.600322617810013     
 Design variables:  9.011981978850702E-004  8.645561171754409E-004
  9.098154025821573E-003  9.044978607261825E-003  9.388757451654853E-003
  9.615135065934971E-003  9.731073854650140E-003 -9.979518590418311E-003
  1.204115820763790E-003  1.139250335411191E-003 -2.193624366318618E-003
  4.410632832535164E-003  7.038244338806959E-004  8.377233420938758E-004
  4.829135996564056E-002  0.600322617810013     
 Constraint value, mean lift and its standard deviation: -1.418010899041366E-004
  0.600141801089904       0.000000000000000E+000
 Calc obj  9.011981978850702E-004  8.645561171754409E-004
  9.098154025821573E-003  9.044978607261825E-003  9.388757451654853E-003
  9.615135065934971E-003  9.731073854650140E-003 -9.979518590418311E-003
  1.204115820763790E-003  1.139250335411191E-003 -2.193624366318618E-003
  4.410632832535164E-003  7.038244338806959E-004  8.377233420938758E-004
  4.829135996564056E-002  0.600322617810013     
 Design variables:  9.011981978850702E-004  8.645561171754409E-004
  9.098154025821573E-003  9.044978607261825E-003  9.388757451654853E-003
  9.615135065934971E-003  9.731073854650140E-003 -9.979518590418311E-003
  1.204115820763790E-003  1.139250335411191E-003 -2.193624366318618E-003
  4.410632832535164E-003  7.038244338806959E-004  8.377233420938758E-004
  4.829135996564056E-002  0.600322617810013     
 Mean drag value and variance:  1.177114341633152E-003  0.000000000000000E+000
   14  0.1177114E-02  0.2662008E-02  0.8042022E-04  0.2583814E-03  0.2293657E-06
 Calc con  1.169949689703397E-003  1.171777320881919E-003
  9.901042319607289E-003  9.889522452584244E-003  9.915159563074698E-003
  9.946523249072626E-003  9.972205330022226E-003 -9.950626350839983E-003
 -1.661630582099500E-003  3.212160711855302E-003 -4.009703675987587E-003
  7.529891883831355E-003  1.115136521530136E-003  1.125548330544663E-003
  4.551317636568003E-002  0.600045748135421     
 Design variables:  1.169949689703397E-003  1.171777320881919E-003
  9.901042319607289E-003  9.889522452584244E-003  9.915159563074698E-003
  9.946523249072626E-003  9.972205330022226E-003 -9.950626350839983E-003
 -1.661630582099500E-003  3.212160711855302E-003 -4.009703675987587E-003
  7.529891883831355E-003  1.115136521530136E-003  1.125548330544663E-003
  4.551317636568003E-002  0.600045748135421     
 Constraint value, mean lift and its standard deviation: -1.419692365266512E-004
  0.600141969236527       0.000000000000000E+000
 Calc obj  1.169949689703397E-003  1.171777320881919E-003
  9.901042319607289E-003  9.889522452584244E-003  9.915159563074698E-003
  9.946523249072626E-003  9.972205330022226E-003 -9.950626350839983E-003
 -1.661630582099500E-003  3.212160711855302E-003 -4.009703675987587E-003
  7.529891883831355E-003  1.115136521530136E-003  1.125548330544663E-003
  4.551317636568003E-002  0.600045748135421     
 Design variables:  1.169949689703397E-003  1.171777320881919E-003
  9.901042319607289E-003  9.889522452584244E-003  9.915159563074698E-003
  9.946523249072626E-003  9.972205330022226E-003 -9.950626350839983E-003
 -1.661630582099500E-003  3.212160711855302E-003 -4.009703675987587E-003
  7.529891883831355E-003  1.115136521530136E-003  1.125548330544663E-003
  4.551317636568003E-002  0.600045748135421     
 Mean drag value and variance:  1.173416920662708E-003  0.000000000000000E+000
   15  0.1173417E-02  0.3119259E-02  0.1275605E-03  0.6125038E-03  0.5460583E-07
 Calc con  1.237960240336259E-003  1.232058817705773E-003
  9.949974537899023E-003  9.945349525562783E-003  9.961119958706499E-003
  9.975158918278184E-003  9.982614688419589E-003 -9.971532267486040E-003
 -4.052556115013914E-003  6.587839132681903E-003 -5.968033916570874E-003
  9.698009861613012E-003  1.233063974623777E-003  1.249502690901201E-003
  4.427996207654476E-002  0.600025343220312     
 Design variables:  1.237960240336259E-003  1.232058817705773E-003
  9.949974537899023E-003  9.945349525562783E-003  9.961119958706499E-003
  9.975158918278184E-003  9.982614688419589E-003 -9.971532267486040E-003
 -4.052556115013914E-003  6.587839132681903E-003 -5.968033916570874E-003
  9.698009861613012E-003  1.233063974623777E-003  1.249502690901201E-003
  4.427996207654476E-002  0.600025343220312     
 Constraint value, mean lift and its standard deviation: -6.231679308532634E-005
  0.600062316793085       0.000000000000000E+000
 Calc obj  1.237960240336259E-003  1.232058817705773E-003
  9.949974537899023E-003  9.945349525562783E-003  9.961119958706499E-003
  9.975158918278184E-003  9.982614688419589E-003 -9.971532267486040E-003
 -4.052556115013914E-003  6.587839132681903E-003 -5.968033916570874E-003
  9.698009861613012E-003  1.233063974623777E-003  1.249502690901201E-003
  4.427996207654476E-002  0.600025343220312     
 Design variables:  1.237960240336259E-003  1.232058817705773E-003
  9.949974537899023E-003  9.945349525562783E-003  9.961119958706499E-003
  9.975158918278184E-003  9.982614688419589E-003 -9.971532267486040E-003
 -4.052556115013914E-003  6.587839132681903E-003 -5.968033916570874E-003
  9.698009861613012E-003  1.233063974623777E-003  1.249502690901201E-003
  4.427996207654476E-002  0.600025343220312     
 Mean drag value and variance:  1.171894211639317E-003  0.000000000000000E+000
   16  0.1171894E-02  0.3375678E-02  0.5705229E-04  0.5548033E-03  0.2008455E-07
 Calc con  1.106652257074399E-003  1.088821832321572E-003
  9.629670101543525E-003  9.604769762795964E-003  9.719832220655662E-003
  9.814883026904210E-003  9.867489411587512E-003 -9.803980024071391E-003
 -5.747501711473283E-003  9.767134705789318E-003 -4.822590789886142E-003
  7.533595574785583E-003  1.039384034556746E-003  1.082463987692565E-003
  4.510889750575912E-002  0.600192882921822     
 Design variables:  1.106652257074399E-003  1.088821832321572E-003
  9.629670101543525E-003  9.604769762795964E-003  9.719832220655662E-003
  9.814883026904210E-003  9.867489411587512E-003 -9.803980024071391E-003
 -5.747501711473283E-003  9.767134705789318E-003 -4.822590789886142E-003
  7.533595574785583E-003  1.039384034556746E-003  1.082463987692565E-003
  4.510889750575912E-002  0.600192882921822     
 Constraint value, mean lift and its standard deviation: -8.308968164472130E-005
  0.600083089681645       0.000000000000000E+000
 Calc obj  1.106652257074399E-003  1.088821832321572E-003
  9.629670101543525E-003  9.604769762795964E-003  9.719832220655662E-003
  9.814883026904210E-003  9.867489411587512E-003 -9.803980024071391E-003
 -5.747501711473283E-003  9.767134705789318E-003 -4.822590789886142E-003
  7.533595574785583E-003  1.039384034556746E-003  1.082463987692565E-003
  4.510889750575912E-002  0.600192882921822     
 Design variables:  1.106652257074399E-003  1.088821832321572E-003
  9.629670101543525E-003  9.604769762795964E-003  9.719832220655662E-003
  9.814883026904210E-003  9.867489411587512E-003 -9.803980024071391E-003
 -5.747501711473283E-003  9.767134705789318E-003 -4.822590789886142E-003
  7.533595574785583E-003  1.039384034556746E-003  1.082463987692565E-003
  4.510889750575912E-002  0.600192882921822     
 Mean drag value and variance:  1.172983587981157E-003  0.000000000000000E+000
   17  0.1172984E-02  0.3179296E-02  0.4266868E-04  0.5423843E-03  0.1531361E-06
 Calc con  1.224354771331750E-003  1.222004062731140E-003
  9.913102532509271E-003  9.899525326212662E-003  9.945670261375793E-003
  9.976132048951260E-003  9.988956095823034E-003 -9.975259226818396E-003
 -5.826089459385733E-003  9.985252740883589E-003 -5.506850335782767E-003
  8.162156668340335E-003  1.203353282699161E-003  1.219089586436758E-003
  4.420061020901098E-002  0.600012094809940     
 Design variables:  1.224354771331750E-003  1.222004062731140E-003
  9.913102532509271E-003  9.899525326212662E-003  9.945670261375793E-003
  9.976132048951260E-003  9.988956095823034E-003 -9.975259226818396E-003
 -5.826089459385733E-003  9.985252740883589E-003 -5.506850335782767E-003
  8.162156668340335E-003  1.203353282699161E-003  1.219089586436758E-003
  4.420061020901098E-002  0.600012094809940     
 Constraint value, mean lift and its standard deviation: -5.012464305731434E-006
  0.600005012464306       0.000000000000000E+000
 Calc obj  1.224354771331750E-003  1.222004062731140E-003
  9.913102532509271E-003  9.899525326212662E-003  9.945670261375793E-003
  9.976132048951260E-003  9.988956095823034E-003 -9.975259226818396E-003
 -5.826089459385733E-003  9.985252740883589E-003 -5.506850335782767E-003
  8.162156668340335E-003  1.203353282699161E-003  1.219089586436758E-003
  4.420061020901098E-002  0.600012094809940     
 Design variables:  1.224354771331750E-003  1.222004062731140E-003
  9.913102532509271E-003  9.899525326212662E-003  9.945670261375793E-003
  9.976132048951260E-003  9.988956095823034E-003 -9.975259226818396E-003
 -5.826089459385733E-003  9.985252740883589E-003 -5.506850335782767E-003
  8.162156668340335E-003  1.203353282699161E-003  1.219089586436758E-003
  4.420061020901098E-002  0.600012094809940     
 Mean drag value and variance:  1.171229573873784E-003  0.000000000000000E+000
   18  0.1171230E-02  0.9082873E-03  0.1904586E-05  0.2396563E-03  0.1182864E-07
 Calc con  1.245727466388047E-003  1.245600565933255E-003
  9.987173284934706E-003  9.984903647914347E-003  9.991877648314721E-003
  9.995285702376761E-003  9.996756462986766E-003 -9.999864617718504E-003
 -5.936984847987069E-003  9.968550555954527E-003 -6.066700944144458E-003
  8.939562486541429E-003  1.244163275280117E-003  1.245024742237817E-003
  4.391231108655456E-002  0.600004481670107     
 Design variables:  1.245727466388047E-003  1.245600565933255E-003
  9.987173284934706E-003  9.984903647914347E-003  9.991877648314721E-003
  9.995285702376761E-003  9.996756462986766E-003 -9.999864617718504E-003
 -5.936984847987069E-003  9.968550555954527E-003 -6.066700944144458E-003
  8.939562486541429E-003  1.244163275280117E-003  1.245024742237817E-003
  4.391231108655456E-002  0.600004481670107     
 Constraint value, mean lift and its standard deviation: -4.278415001834901E-006
  0.600004278415002       0.000000000000000E+000
 Calc obj  1.245727466388047E-003  1.245600565933255E-003
  9.987173284934706E-003  9.984903647914347E-003  9.991877648314721E-003
  9.995285702376761E-003  9.996756462986766E-003 -9.999864617718504E-003
 -5.936984847987069E-003  9.968550555954527E-003 -6.066700944144458E-003
  8.939562486541429E-003  1.244163275280117E-003  1.245024742237817E-003
  4.391231108655456E-002  0.600004481670107     
 Design variables:  1.245727466388047E-003  1.245600565933255E-003
  9.987173284934706E-003  9.984903647914347E-003  9.991877648314721E-003
  9.995285702376761E-003  9.996756462986766E-003 -9.999864617718504E-003
 -5.936984847987069E-003  9.968550555954527E-003 -6.066700944144458E-003
  8.939562486541429E-003  1.244163275280117E-003  1.245024742237817E-003
  4.391231108655456E-002  0.600004481670107     
 Mean drag value and variance:  1.170982985936232E-003  0.000000000000000E+000
   19  0.1170983E-02  0.7774058E-03  0.3398798E-05  0.1963891E-04  0.3362729E-08
 Calc con  1.249859921024898E-003  1.249847096607067E-003
  9.999652291225198E-003  9.999704128788631E-003  9.999732150572441E-003
  9.999840347507375E-003  9.999902521734386E-003 -9.999868356820990E-003
 -5.925550072031165E-003  9.999706171496554E-003 -6.569984449356621E-003
  9.431894961240783E-003  1.249713977231259E-003  1.249838187132746E-003
  4.383415286305098E-002  0.600000158304449     
 Design variables:  1.249859921024898E-003  1.249847096607067E-003
  9.999652291225198E-003  9.999704128788631E-003  9.999732150572441E-003
  9.999840347507375E-003  9.999902521734386E-003 -9.999868356820990E-003
 -5.925550072031165E-003  9.999706171496554E-003 -6.569984449356621E-003
  9.431894961240783E-003  1.249713977231259E-003  1.249838187132746E-003
  4.383415286305098E-002  0.600000158304449     
 Constraint value, mean lift and its standard deviation: -7.149715283150115E-007
  0.600000714971528       0.000000000000000E+000
 Calc obj  1.249859921024898E-003  1.249847096607067E-003
  9.999652291225198E-003  9.999704128788631E-003  9.999732150572441E-003
  9.999840347507375E-003  9.999902521734386E-003 -9.999868356820990E-003
 -5.925550072031165E-003  9.999706171496554E-003 -6.569984449356621E-003
  9.431894961240783E-003  1.249713977231259E-003  1.249838187132746E-003
  4.383415286305098E-002  0.600000158304449     
 Design variables:  1.249859921024898E-003  1.249847096607067E-003
  9.999652291225198E-003  9.999704128788631E-003  9.999732150572441E-003
  9.999840347507375E-003  9.999902521734386E-003 -9.999868356820990E-003
 -5.925550072031165E-003  9.999706171496554E-003 -6.569984449356621E-003
  9.431894961240783E-003  1.249713977231259E-003  1.249838187132746E-003
  4.383415286305098E-002  0.600000158304449     
 Mean drag value and variance:  1.170917294382740E-003  0.000000000000000E+000
   20  0.1170917E-02  0.5032835E-03  0.6912759E-06  0.2360893E-04  0.1271434E-09
 Calc con  1.249999437617261E-003  1.249998424517881E-003
  9.999980624273879E-003  9.999978043437417E-003  9.999989078933189E-003
  9.999996912196286E-003  1.000000081602133E-002 -1.000000003600133E-002
 -5.790835742725028E-003  9.999945346387203E-003 -7.200340274032955E-003
  9.856557352012491E-003  1.249991639245861E-003  1.249998349785005E-003
  4.385746080391657E-002  0.600000002855502     
 Design variables:  1.249999437617261E-003  1.249998424517881E-003
  9.999980624273879E-003  9.999978043437417E-003  9.999989078933189E-003
  9.999996912196286E-003  1.000000081602133E-002 -1.000000003600133E-002
 -5.790835742725028E-003  9.999945346387203E-003 -7.200340274032955E-003
  9.856557352012491E-003  1.249991639245861E-003  1.249998349785005E-003
  4.385746080391657E-002  0.600000002855502     
 Constraint value, mean lift and its standard deviation: -5.279365742349995E-007
  0.600000527936574       0.000000000000000E+000
 Calc obj  1.249999437617261E-003  1.249998424517881E-003
  9.999980624273879E-003  9.999978043437417E-003  9.999989078933189E-003
  9.999996912196286E-003  1.000000081602133E-002 -1.000000003600133E-002
 -5.790835742725028E-003  9.999945346387203E-003 -7.200340274032955E-003
  9.856557352012491E-003  1.249991639245861E-003  1.249998349785005E-003
  4.385746080391657E-002  0.600000002855502     
 Design variables:  1.249999437617261E-003  1.249998424517881E-003
  9.999980624273879E-003  9.999978043437417E-003  9.999989078933189E-003
  9.999996912196286E-003  1.000000081602133E-002 -1.000000003600133E-002
 -5.790835742725028E-003  9.999945346387203E-003 -7.200340274032955E-003
  9.856557352012491E-003  1.249991639245861E-003  1.249998349785005E-003
  4.385746080391657E-002  0.600000002855502     
 Mean drag value and variance:  1.170907861025026E-003  0.000000000000000E+000
   21  0.1170908E-02  0.6303558E-03  0.5352903E-06  0.1588820E-04  0.1000000E-10
 Calc con  1.249999495918013E-003  1.249998506693161E-003
  9.999981214479108E-003  9.999978689274028E-003  9.999989511744726E-003
  9.999997159068692E-003  1.000000097188753E-002 -9.999998998823405E-003
 -5.716081591461576E-003  9.999931750307563E-003 -7.443405787410299E-003
  9.961488730275511E-003  1.249994378342390E-003  1.249997797215419E-003
  4.389185773155214E-002  0.600000003089062     
 Design variables:  1.249999495918013E-003  1.249998506693161E-003
  9.999981214479108E-003  9.999978689274028E-003  9.999989511744726E-003
  9.999997159068692E-003  1.000000097188753E-002 -9.999998998823405E-003
 -5.716081591461576E-003  9.999931750307563E-003 -7.443405787410299E-003
  9.961488730275511E-003  1.249994378342390E-003  1.249997797215419E-003
  4.389185773155214E-002  0.600000003089062     
 Constraint value, mean lift and its standard deviation: -1.238378006807039E-007
  0.600000123837801       0.000000000000000E+000
 Calc obj  1.249999495918013E-003  1.249998506693161E-003
  9.999981214479108E-003  9.999978689274028E-003  9.999989511744726E-003
  9.999997159068692E-003  1.000000097188753E-002 -9.999998998823405E-003
 -5.716081591461576E-003  9.999931750307563E-003 -7.443405787410299E-003
  9.961488730275511E-003  1.249994378342390E-003  1.249997797215419E-003
  4.389185773155214E-002  0.600000003089062     
 Design variables:  1.249999495918013E-003  1.249998506693161E-003
  9.999981214479108E-003  9.999978689274028E-003  9.999989511744726E-003
  9.999997159068692E-003  1.000000097188753E-002 -9.999998998823405E-003
 -5.716081591461576E-003  9.999931750307563E-003 -7.443405787410299E-003
  9.961488730275511E-003  1.249994378342390E-003  1.249997797215419E-003
  4.389185773155214E-002  0.600000003089062     
 Mean drag value and variance:  1.170905188188633E-003  0.000000000000000E+000
   22  0.1170905E-02  0.2430655E-03  0.1311954E-06  0.4055599E-05  0.1000000E-10
 Calc con  1.249999480419808E-003  1.249998494472724E-003
  9.999981173048390E-003  9.999978645848371E-003  9.999989495168157E-003
  9.999997152666151E-003  1.000000096804276E-002 -9.999999025469986E-003
 -5.707379086824465E-003  9.999933010436016E-003 -7.480662592342401E-003
  9.988911961337972E-003  1.249994344475532E-003  1.249997778776333E-003
  4.389157799750012E-002  0.600000003087809     
 Design variables:  1.249999480419808E-003  1.249998494472724E-003
  9.999981173048390E-003  9.999978645848371E-003  9.999989495168157E-003
  9.999997152666151E-003  1.000000096804276E-002 -9.999999025469986E-003
 -5.707379086824465E-003  9.999933010436016E-003 -7.480662592342401E-003
  9.988911961337972E-003  1.249994344475532E-003  1.249997778776333E-003
  4.389157799750012E-002  0.600000003087809     
 Constraint value, mean lift and its standard deviation:  5.710517170243179E-009
  0.599999994289483       0.000000000000000E+000
 Calc obj  1.249999480419808E-003  1.249998494472724E-003
  9.999981173048390E-003  9.999978645848371E-003  9.999989495168157E-003
  9.999997152666151E-003  1.000000096804276E-002 -9.999999025469986E-003
 -5.707379086824465E-003  9.999933010436016E-003 -7.480662592342401E-003
  9.988911961337972E-003  1.249994344475532E-003  1.249997778776333E-003
  4.389157799750012E-002  0.600000003087809     
 Design variables:  1.249999480419808E-003  1.249998494472724E-003
  9.999981173048390E-003  9.999978645848371E-003  9.999989495168157E-003
  9.999997152666151E-003  1.000000096804276E-002 -9.999999025469986E-003
 -5.707379086824465E-003  9.999933010436016E-003 -7.480662592342401E-003
  9.988911961337972E-003  1.249994344475532E-003  1.249997778776333E-003
  4.389157799750012E-002  0.600000003087809     
 Mean drag value and variance:  1.170904582931941E-003  0.000000000000000E+000
   23  0.1170905E-02  0.3725680E-04  0.1646948E-08  0.2850984E-06  0.1000000E-10
 
 The solution was found.
 
 The final value of the objective function is   1.170904582931941E-003
 
 The optimal values of X are:
 
 X  (           1 ) =   1.249999480419808E-003
 X  (           2 ) =   1.249998494472724E-003
 X  (           3 ) =   9.999981173048390E-003
 X  (           4 ) =   9.999978645848371E-003
 X  (           5 ) =   9.999989495168157E-003
 X  (           6 ) =   9.999997152666151E-003
 X  (           7 ) =   1.000000000000000E-002
 X  (           8 ) =  -9.999999025469986E-003
 X  (           9 ) =  -5.707379086824465E-003
 X  (          10 ) =   9.999933010436016E-003
 X  (          11 ) =  -7.480662592342401E-003
 X  (          12 ) =   9.988911961337972E-003
 X  (          13 ) =   1.249994344475532E-003
 X  (          14 ) =   1.249997778776333E-003
 X  (          15 ) =    2.51480217542602     
 X  (          16 ) =   0.600000003087809     
 
 The multipliers for the equality constraints are:
 
 LAM(           1 ) =   3.784251701029484E-003
 
 Mean drag and its variance:  1.170904582931941E-003  0.000000000000000E+000
